0.148399994,0,0.149800003,0,0.125100002,0,0.065240003,0,0.018309999,0.007187,0.00271,0,0
0.1127,0,0.226099998,0,0.215399995,0,0.118000001,0,0.033050001,0.01292,0.004859,0,0
0.095229998,0,0.227500007,0,0.231700003,0,0.131500006,0,0.037000001,0.01446,0.005434,0,0
0.074830003,0,0.219999999,0,0.242899999,0,0.144800007,0,0.04109,0.01606,0.006034,0,0
0.056770001,0,0.206499994,0,0.247299999,0,0.1558,0,0.044750001,0.0175,0.006573,0,0
0.041850001,0,0.189799994,0,0.246700004,0,0.165099993,0,0.048149999,0.01884,0.007078,0,0
0.03019,0,0.171900004,0,0.242500007,0,0.172999993,0,0.051399998,0.02014,0.007567,0,0
0.02148,0,0.153999999,0,0.235699996,0,0.179700002,0,0.054559998,0.02142,0.008048,0,0
0.01514,0,0.136899993,0,0.226999998,0,0.185200006,0,0.05765,0.02269,0.008528,0,0
0.01057,0,0.120899998,0,0.216900006,0,0.189700007,0,0.060710002,0.02397,0.009014,0,0
0.007302,0,0.105999999,0,0.206,0,0.193299994,0,0.063809998,0.025289999,0.009519,0,0
0.005067,0,0.092880003,0,0.194800004,0,0.196099997,0,0.066880003,0.026620001,0.01003,0,0
0.003515,0,0.081119999,0,0.183500007,0,0.198200002,0,0.070009999,0.028030001,0.01057,0,0
0.002429,0,0.070500001,0,0.172299996,0,0.199900001,0,0.073409997,0.029580001,0.01118,0,0
0.001683,0,0.060970001,0,0.161300004,0,0.201800004,0,0.077330001,0.03142,0.0119,0,0
0.001177,0,0.052370001,0,0.150700003,0,0.204400003,0,0.082359999,0.033810001,0.01285,0,0
0.0008348,0,0.044289999,0,0.140300006,0,0.209199995,0,0.089850001,0.037450001,0.014310001,0,0
0.0006865,0,0.03624,0,0.128999993,0,0.217399999,0,0.102499999,0.043880001,0.01695,0,0
0.001276,0,0.02826,0,0.115400001,0,0.227899998,0,0.1237,0.055909999,0.0222,0,0
0.001686,0,0.02055,0,0.096979998,0,0.234400004,0,0.157299995,0.07897,0.03382,0,0
0.0003281,0,0.0127,0,0.072930001,0,0.225400001,0,0.200900003,0.1197,0.059980001,0,0
0.0002554,0,0.006957,0,0.04744,0,0.190799996,0,0.235400006,0.174099997,0.108900003,0,0
0.000183,0,0.003406,0,0.026520001,0,0.1347,0,0.2227,0.200000003,0.152899995,0,0
9.18E-05,0,0.001518,0,0.01318,0,0.082429998,0,0.179199994,0.192499995,0.177300006,0,0
6.26E-05,0,0.0006268,0,0.005663,0,0.041239999,0,0.110399999,0.135600001,0.142800003,0,0
5.75E-05,0,0.0003157,0,0.002733,0,0.019819999,0,0.05449,0.06882,0.074869998,0,0
3.75E-05,0,0.0001875,0,0.001623,0,0.0121,0,0.03497,0.045809999,0.051800001,0,0
2.34E-05,0,0.0001249,0,0.001095,0,0.008367,0,0.025219999,0.034109999,0.039919999,0,0
1.52E-05,0,9.67E-05,0,0.0008635,0,0.006733,0,0.021059999,0.02929,0.035330001,0,0
9.95E-06,0,7.94E-05,0,0.0007356,0,0.005977,0,0.0196,0.02802,0.03472,0,0
,,,,,,,,,,,,
