7,26
1,12780000,3.03
2,6772000,2.93
3,5398000,2.95
4,2703000,3.09
5,825300,3.94
6,337100,5.18
7,130500,7.08
.1000E-07,0.0861956295390892
.4140E-06,0.0494040618652797
.6826E-06,0.0268108991620914
.1445E-05,0.0177943302571811
.3059E-05,0.0131958053966524
.6476E-05,0.0107400255010752
.1371E-04,0.00943427531358372
.2902E-04,0.00878425878382305
.6144E-04,0.0086162210137645
.1301E-03,0.00886210514938233
.2754E-03,0.00942235138843842
.5929E-03,0.0103899385165648
.1234E-02,0.0120090259459388
.2613E-02,0.0141209130554603
.5531E-02,0.0178140422133983
.1171E-01,0.0226455909673235
.2479E-01,0.0278526515121713
.5247E-01,0.0310555705735648
.1111E+00,0.028189750154816
.2237E+00,0.0180779673980293
.4508E+00,0.00690161574240351
.9072E+00,0.00145127478942346
.1872E+01,0.000191799171077904
.3679E+01,1.60969530174394e-05
.7408E+01,8.1957658734549e-07
.1492E+02,0
2,3
1,0.85
