7
26
cm**2
.1000E-07
.4140E-06,.1484E+00,.1498E+00,.1251E+00,.6524E-01,.1831E-01,.7187E-02,.2710E-02
.6826E-06,.1127E+00,.2261E+00,.2154E+00,.1180E+00,.3305E-01,.1292E-01,.4859E-02
.1445E-05,.9523E-01,.2275E+00,.2317E+00,.1315E+00,.3700E-01,.1446E-01,.5434E-02
.3059E-05,.7483E-01,.2200E+00,.2429E+00,.1448E+00,.4109E-01,.1606E-01,.6034E-02
.6476E-05,.5677E-01,.2065E+00,.2473E+00,.1558E+00,.4475E-01,.1750E-01,.6573E-02
.1371E-04,.4185E-01,.1898E+00,.2467E+00,.1651E+00,.4815E-01,.1884E-01,.7078E-02
.2902E-04,.3019E-01,.1719E+00,.2425E+00,.1730E+00,.5140E-01,.2014E-01,.7567E-02
.6144E-04,.2148E-01,.1540E+00,.2357E+00,.1797E+00,.5456E-01,.2142E-01,.8048E-02
.1301E-03,.1514E-01,.1369E+00,.2270E+00,.1852E+00,.5765E-01,.2269E-01,.8528E-02
.2754E-03,.1057E-01,.1209E+00,.2169E+00,.1897E+00,.6071E-01,.2397E-01,.9014E-02
.5929E-03,.7302E-02,.1060E+00,.2060E+00,.1933E+00,.6381E-01,.2529E-01,.9519E-02
.1234E-02,.5067E-02,.9288E-01,.1948E+00,.1961E+00,.6688E-01,.2662E-01,.1003E-01
.2613E-02,.3515E-02,.8112E-01,.1835E+00,.1982E+00,.7001E-01,.2803E-01,.1057E-01
.5531E-02,.2429E-02,.7050E-01,.1723E+00,.1999E+00,.7341E-01,.2958E-01,.1118E-01
.1171E-01,.1683E-02,.6097E-01,.1613E+00,.2018E+00,.7733E-01,.3142E-01,.1190E-01
.2479E-01,.1177E-02,.5237E-01,.1507E+00,.2044E+00,.8236E-01,.3381E-01,.1285E-01
.5247E-01,.8348E-03,.4429E-01,.1403E+00,.2092E+00,.8985E-01,.3745E-01,.1431E-01
.1111E+00,.6865E-03,.3624E-01,.1290E+00,.2174E+00,.1025E+00,.4388E-01,.1695E-01
.2237E+00,.1276E-02,.2826E-01,.1154E+00,.2279E+00,.1237E+00,.5591E-01,.2220E-01
.4508E+00,.1686E-02,.2055E-01,.9698E-01,.2344E+00,.1573E+00,.7897E-01,.3382E-01
.9072E+00,.3281E-03,.1270E-01,.7293E-01,.2254E+00,.2009E+00,.1197E+00,.5998E-01
.1872E+01,.2554E-03,.6957E-02,.4744E-01,.1908E+00,.2354E+00,.1741E+00,.1089E+00
.3679E+01,.1830E-03,.3406E-02,.2652E-01,.1347E+00,.2227E+00,.2000E+00,.1529E+00
.7408E+01,.9175E-04,.1518E-02,.1318E-01,.8243E-01,.1792E+00,.1925E+00,.1773E+00
.1492E+02,.6260E-04,.6268E-03,.5663E-02,.4124E-01,.1104E+00,.1356E+00,.1428E+00
