AN/PDR-70
pSv
  0.643E-07       0.107E+02
  0.532E-06       0.129E+02
  0.993E-06       0.132E+02
  0.210E-05       0.138E+02
  0.445E-05       0.143E+02
  0.942E-05       0.147E+02
  0.199E-04       0.152E+02
  0.422E-04       0.159E+02
  0.894E-04       0.163E+02
  0.189E-03       0.170E+02
  0.404E-03       0.175E+02
  0.855E-03       0.181E+02
  0.180E-02       0.186E+02
  0.380E-02       0.191E+02
  0.805E-02       0.184E+02
  0.170E-01       0.265E+02
  0.361E-01       0.383E+02
  0.764E-01       0.610E+02
  0.158E+00       0.876E+02
  0.318E+00       0.141E+03
  0.640E+00       0.261E+03
  0.130E+01       0.359E+03
  0.262E+01       0.460E+03
  0.522E+01       0.271E+03
  0.105E+02       0.104E+03
  0.196E+02       0.113E+02
  0.339E+02       0.000E+00
  0.587E+02       0.000E+00
  0.102E+03       0.000E+00
  0.176E+03       0.000E+00
  0.304E+03       0.000E+00
