Hankins TLD
pSv
  0.643E-07       0.336E+00
  0.532E-06       0.480E+04
  0.993E-06       0.480E+04
  0.210E-05       0.432E+04
  0.445E-05       0.384E+04
  0.942E-05       0.360E+04
  0.199E-04       0.312E+04
  0.422E-04       0.288E+04
  0.894E-04       0.240E+04
  0.189E-03       0.221E+04
  0.404E-03       0.201E+04
  0.855E-03       0.144E+04
  0.180E-02       0.134E+04
  0.380E-02       0.129E+04
  0.805E-02       0.120E+04
  0.170E-01       0.115E+04
  0.361E-01       0.110E+04
  0.764E-01       0.959E+03
  0.158E+00       0.815E+03
  0.318E+00       0.624E+03
  0.640E+00       0.480E+03
  0.130E+01       0.302E+03
  0.262E+01       0.240E+03
  0.522E+01       0.134E+03
  0.105E+02       0.815E+02
  0.196E+02       0.480E+02
  0.339E+02       0.000E+00
  0.587E+02       0.000E+00
  0.102E+03       0.000E+00
  0.176E+03       0.000E+00
  0.304E+03       0.000E+00
