EG&G Berthold LB 6411 Neutron Probe
pSv
0.00E+00	0.00E+00
1.00E-09	1.41E+00
1.00E-08	1.97E+00
2.53E-08	2.71E+00
1.00E-07	4.63E+00
2.00E-07	6.01E+00
5.00E-07	7.84E+00
1.00E-06	9.36E+00
2.00E-06	1.09E+01
5.00E-06	1.29E+01
1.00E-05	1.44E+01
2.00E-05	1.59E+01
5.00E-05	1.78E+01
1.00E-04	1.93E+01
2.00E-04	2.09E+01
5.00E-04	2.33E+01
1.00E-03	2.54E+01
2.00E-03	2.79E+01
5.00E-03	3.23E+01
1.00E-02	3.67E+01
2.00E-02	4.24E+01
3.00E-02	4.52E+01
5.00E-02	5.16E+01
7.00E-02	5.83E+01
1.00E-01	6.93E+01
1.50E-01	9.86E+01
2.00E-01	1.20E+02
3.00E-01	1.77E+02
5.00E-01	2.63E+02
7.00E-01	3.31E+02
9.00E-01	3.78E+02
1.00E+00	3.96E+02
1.20E+00	4.28E+02
2.00E+00	4.95E+02
3.00E+00	5.19E+02
4.00E+00	5.16E+02
5.00E+00	4.95E+02
6.00E+00	4.70E+02
7.00E+00	4.42E+02
8.00E+00	4.10E+02
9.00E+00	3.78E+02
1.00E+01	3.36E+02
1.20E+01	2.99E+02
1.40E+01	2.69E+02
1.50E+01	2.59E+02
1.60E+01	2.57E+02
1.80E+01	2.54E+02
2.00E+01	2.53E+02
