NEUTRAK 144
pSv
  0.643E-07       0.000E+00
  0.532E-06       0.000E+00
  0.993E-06       0.000E+00
  0.210E-05       0.000E+00
  0.445E-05       0.000E+00
  0.942E-05       0.000E+00
  0.199E-04       0.000E+00
  0.422E-04       0.000E+00
  0.894E-04       0.000E+00
  0.189E-03       0.000E+00
  0.404E-03       0.000E+00
  0.855E-03       0.000E+00
  0.180E-02       0.000E+00
  0.380E-02       0.000E+00
  0.805E-02       0.000E+00
  0.170E-01       0.000E+00
  0.361E-01       0.000E+00
  0.764E-01       0.000E+00
  0.158E+00       0.481E+02
  0.318E+00       0.796E+02
  0.640E+00       0.118E+03
  0.130E+01       0.216E+03
  0.262E+01       0.463E+03
  0.522E+01       0.716E+03
  0.105E+02       0.412E+03
  0.196E+02       0.153E+03
  0.339E+02       0.000E+00
  0.587E+02       0.000E+00
  0.102E+03       0.000E+00
  0.176E+03       0.000E+00
  0.304E+03       0.000E+00
