NRL TLD
pSv
  0.643E-07       0.963E+03
  0.532E-06       0.963E+03
  0.993E-06       0.963E+03
  0.210E-05       0.963E+03
  0.445E-05       0.963E+03
  0.942E-05       0.963E+03
  0.199E-04       0.963E+03
  0.422E-04       0.963E+03
  0.894E-04       0.963E+03
  0.189E-03       0.963E+03
  0.404E-03       0.963E+03
  0.855E-03       0.963E+03
  0.180E-02       0.951E+03
  0.380E-02       0.890E+03
  0.805E-02       0.794E+03
  0.170E-01       0.722E+03
  0.361E-01       0.650E+03
  0.764E-01       0.587E+03
  0.158E+00       0.529E+03
  0.318E+00       0.452E+03
  0.640E+00       0.385E+03
  0.130E+01       0.320E+03
  0.262E+01       0.265E+03
  0.522E+01       0.217E+03
  0.105E+02       0.168E+03
  0.196E+02       0.120E+03
  0.339E+02       0.000E+00
  0.587E+02       0.000E+00
  0.102E+03       0.000E+00
  0.176E+03       0.000E+00
  0.304E+03       0.000E+00
