NTA Film
Tracks
2.17E-07	0.00E+00
3.54E-07	0.00E+00
7.07E-07	0.00E+00
1.47E-06	0.00E+00
3.16E-06	0.00E+00
6.82E-06	0.00E+00
1.47E-05	0.00E+00
3.16E-05	0.00E+00
6.82E-05	0.00E+00
1.47E-04	0.00E+00
3.16E-04	0.00E+00
6.82E-04	0.00E+00
1.47E-03	0.00E+00
3.16E-03	0.00E+00
6.82E-03	0.00E+00
1.12E-02	0.00E+00
1.41E-02	0.00E+00
1.78E-02	0.00E+00
2.24E-02	0.00E+00
2.82E-02	0.00E+00
3.55E-02	0.00E+00
4.47E-02	0.00E+00
5.62E-02	0.00E+00
7.08E-02	0.00E+00
8.91E-02	0.00E+00
1.12E-01	0.00E+00
1.41E-01	0.00E+00
1.78E-01	0.00E+00
2.24E-01	0.00E+00
2.82E-01	0.00E+00
3.55E-01	0.00E+00
4.47E-01	1.76E-05
5.62E-01	1.37E-04
7.08E-01	2.25E-04
8.91E-01	2.87E-04
1.12E+00	3.34E-04
1.41E+00	3.74E-04
1.78E+00	4.17E-04
2.24E+00	4.70E-04
2.82E+00	5.30E-04
3.55E+00	6.12E-04
4.47E+00	7.33E-04
5.62E+00	8.28E-04
7.08E+00	8.52E-04
8.91E+00	8.15E-04
1.12E+01	7.18E-04
1.41E+01	6.22E-04
1.78E+01	5.14E-04
2.57E+01	0.00E+00
4.41E+01	0.00E+00
6.97E+01	0.00E+00
1.15E+02	0.00E+00
1.89E+02	0.00E+00
3.11E+02	0.00E+00
