Am-Be source
2.50E-07	0.00E+00
5.00E-07	0.00E+00
1.00E-06	0.00E+00
2.15E-06	0.00E+00
4.65E-06	0.00E+00
1.00E-05	0.00E+00
2.15E-05	0.00E+00
4.65E-05	0.00E+00
1.00E-04	0.00E+00
2.15E-04	0.00E+00
4.65E-04	0.00E+00
1.00E-03	0.00E+00
2.15E-03	0.00E+00
4.65E-03	0.00E+00
1.00E-02	0.00E+00
1.26E-02	0.00E+00
1.58E-02	0.00E+00
2.00E-02	0.00E+00
2.51E-02	0.00E+00
3.16E-02	0.00E+00
3.98E-02	0.00E+00
5.01E-02	0.00E+00
6.31E-02	0.00E+00
7.94E-02	0.00E+00
1.00E-01	3.34E-03
1.26E-01	4.21E-03
1.58E-01	5.31E-03
2.00E-01	6.73E-03
2.51E-01	8.50E-03
3.16E-01	1.07E-02
3.98E-01	1.26E-02
5.01E-01	1.48E-02
6.31E-01	1.74E-02
7.94E-01	2.05E-02
1.00E+00	2.41E-02
1.26E+00	2.74E-02
1.58E+00	2.99E-02
2.00E+00	4.19E-02
2.51E+00	5.76E-02
3.16E+00	9.62E-02
3.98E+00	1.36E-01
5.01E+00	1.59E-01
6.31E+00	1.46E-01
7.94E+00	1.34E-01
1.00E+01	4.11E-02
1.26E+01	3.09E-03
1.58E+01	0.00E+00
2.00E+01	0.00E+00
3.30E+01	0.00E+00
5.90E+01	0.00E+00
8.23E+01	0.00E+00
1.60E+02	0.00E+00
2.23E+02	0.00E+00
4.35E+02	0.00E+00
