Am-B(alpha,n) ISO 8529
4.14E-07	0
0.82	1.21E-03
1.09	3.97E-02
1.34	3.91E-02
1.56	1.38E-01
1.78	3.44E-01
1.98	5.93E-01
2.17	8.72E-01
2.36	1.06
2.54	1.26
2.72	1.41
2.89	1.37
3.05	1.31
3.22	1.23
3.38	1.03
3.53	9.26E-01
3.68	7.62E-01
3.83	7.59E-01
3.98	6.57E-01
4.13	5.35E-01
4.27	5.17E-01
4.41	4.49E-01
4.55	3.19E-01
4.69	2.46E-01
4.83	1.16E-01
4.96	8.26E-02
5.09	4.49E-02
5.22	1.20E-02
5.35	1.09E-02
5.48	9.83E-03
5.61	4.92E-03
5.74	6.34E-03
5.86	6.74E-03
5.96	1.37E-02
6.11	8.28E-03
6.19	2.24E-02
6.25	0
