Am-Be(alpha,n) {ISO 8529 : 1989 (E)}
4.14E-07 0	
0.11	1.15E-03
0.33	3.04E-02
0.54	6.35E-02
0.75	8.56E-02
0.97	9.72E-02
1.18	1.09E-01
1.40	1.16E-01
1.61	1.25E-01
1.82	1.57E-01
2.04	1.95E-01
2.25	2.19E-01
2.47	2.41E-01
2.68	2.79E-01
2.90	3.74E-01
3.11	5.09E-01
3.32	5.64E-01
3.54	5.39E-01
3.75	5.32E-01
3.97	5.26E-01
4.18	5.22E-01
4.39	5.84E-01
4.61	6.50E-01
4.82	6.90E-01
5.04	7.47E-01
5.25	7.45E-01
5.47	6.67E-01
5.68	6.19E-01
5.89	5.67E-01
6.11	4.95E-01
6.32	5.23E-01
6.54	5.96E-01
6.75	5.79E-01
6.96	5.32E-01
7.18	5.39E-01
7.39	5.83E-01
7.61	6.42E-01
7.82	6.75E-01
8.03	6.37E-07
8.25	5.31E-01
8.46	3.85E-01
8.68	2.54E-01
8.89	1.78E-01
9.11	1.50E-01
9.32	1.67E-01
9.53	2.27E-01
9.75	2.74E-01
9.96	2.59E-01
10.18	2.14E-01
10.39	1.81E-01
10.60	1.39E-01
10.82	7.37E-02
11.03	1.89E-02
11.09	0