Bare Cf-252
2.50E-07	0.00E+00
5.00E-07	0.00E+00
1.00E-06	0.00E+00
2.15E-06	0.00E+00
4.65E-06	0.00E+00
1.00E-05	0.00E+00
2.15E-05	0.00E+00
4.65E-05	0.00E+00
1.00E-04	0.00E+00
2.15E-04	0.00E+00
4.65E-04	0.00E+00
1.00E-03	0.00E+00
2.15E-03	0.00E+00
4.65E-03	0.00E+00
1.00E-02	0.00E+00
1.26E-02	0.00E+00
1.58E-02	0.00E+00
2.00E-02	0.00E+00
2.51E-02	0.00E+00
3.16E-02	0.00E+00
3.98E-02	3.58E-05
5.01E-02	1.97E-04
6.31E-02	3.58E-04
7.94E-02	1.02E-03
1.00E-01	1.86E-03
1.26E-01	2.91E-03
1.58E-01	4.59E-03
2.00E-01	6.42E-03
2.51E-01	1.13E-02
3.16E-01	1.81E-02
3.98E-01	2.37E-02
5.01E-01	3.08E-02
6.31E-01	4.15E-02
7.94E-01	5.38E-02
1.00E+00	6.53E-02
1.26E+00	8.07E-02
1.58E+00	9.57E-02
2.00E+00	1.07E-01
2.51E+00	1.12E-01
3.16E+00	1.06E-01
3.98E+00	8.99E-02
5.01E+00	6.87E-02
6.31E+00	4.43E-02
7.94E+00	2.22E-02
1.00E+01	8.30E-03
1.26E+01	2.68E-03
1.58E+01	4.47E-04
2.00E+01	7.09E-05
3.30E+01	0.00E+00
5.90E+01	0.00E+00
8.23E+01	0.00E+00
1.60E+02	0.00E+00
2.23E+02	0.00E+00
4.35E+02	0.00E+00
