BIG TEN spectrum
2.50E-07	0.00E+00
5.00E-07	0.00E+00
1.00E-06	1.38E-11
2.15E-06	5.16E-11
4.65E-06	2.07E-10
1.00E-05	8.34E-10
2.15E-05	3.33E-09
4.65E-05	8.33E-09
1.00E-04	1.53E-08
2.15E-04	8.06E-08
4.65E-04	4.07E-07
1.00E-03	1.85E-06
2.15E-03	1.27E-05
4.65E-03	6.94E-05
1.00E-02	4.19E-04
1.26E-02	1.35E-03
1.58E-02	2.28E-03
2.00E-02	3.85E-03
2.51E-02	6.33E-03
3.16E-02	1.03E-02
3.98E-02	1.55E-02
5.01E-02	2.17E-02
6.31E-02	2.93E-02
7.94E-02	3.64E-02
1.00E-01	4.47E-02
1.26E-01	5.11E-02
1.58E-01	5.84E-02
2.00E-01	6.61E-02
2.51E-01	7.48E-02
3.16E-01	8.46E-02
3.98E-01	8.19E-02
5.01E-01	7.91E-02
6.31E-01	7.64E-02
7.94E-01	5.94E-02
1.00E+00	4.59E-02
1.26E+00	3.56E-02
1.58E+00	2.82E-02
2.00E+00	2.24E-02
2.51E+00	1.89E-02
3.16E+00	1.59E-02
3.98E+00	1.22E-02
5.01E+00	8.42E-03
6.31E+00	4.96E-03
7.94E+00	2.44E-03
1.00E+01	9.20E-04
1.26E+01	2.46E-04
1.58E+01	5.19E-05
2.00E+01	1.09E-05
3.30E+01	0.00E+00
5.90E+01	0.00E+00
8.23E+01	0.00E+00
1.60E+02	0.00E+00
2.23E+02	0.00E+00
4.35E+02	0.00E+00
