CERN synchrotron bridge
2.50E-07	1.28E-02
5.00E-07	1.30E-02
1.00E-06	1.33E-02
2.15E-06	1.34E-02
4.65E-06	1.33E-02
1.00E-05	1.32E-02
2.15E-05	1.30E-02
4.65E-05	1.28E-02
1.00E-04	1.26E-02
2.15E-04	1.24E-02
4.65E-04	1.22E-02
1.00E-03	1.21E-02
2.15E-03	1.19E-02
4.65E-03	1.18E-02
1.00E-02	1.16E-02
1.26E-02	1.16E-02
1.58E-02	1.16E-02
2.00E-02	1.16E-02
2.51E-02	1.16E-02
3.16E-02	1.17E-02
3.98E-02	1.17E-02
5.01E-02	1.17E-02
6.31E-02	1.17E-02
7.94E-02	1.17E-02
1.00E-01	1.18E-02
1.26E-01	1.20E-02
1.58E-01	1.23E-02
2.00E-01	1.27E-02
2.51E-01	1.31E-02
3.16E-01	1.36E-02
3.98E-01	1.40E-02
5.01E-01	1.44E-02
6.31E-01	1.49E-02
7.94E-01	1.54E-02
1.00E+00	1.59E-02
1.26E+00	1.67E-02
1.58E+00	1.80E-02
2.00E+00	1.94E-02
2.51E+00	2.08E-02
3.16E+00	2.24E-02
3.98E+00	2.42E-02
5.01E+00	2.60E-02
6.31E+00	2.81E-02
7.94E+00	3.02E-02
1.00E+01	3.25E-02
1.26E+01	3.41E-02
1.58E+01	3.50E-02
2.00E+01	3.57E-02
3.30E+01	3.71E-02
5.90E+01	3.88E-02
8.23E+01	3.85E-02
1.60E+02	3.50E-02
2.23E+02	2.84E-02
4.35E+02	2.33E-02
