Cf-252 in 15cm radius D2O sphere (ISO 8529)
4.14E-07	0
1.00E-06	2.15E-02
1.00E-05	2.74E-02
5.00E-05	3.75E-02
1.00E-04	4.57E-02
2.00E-04	4.92E-02
4.00E-04	5.51E-02
7.00E-04	5.86E-02
1.00E-03	6.29E-02
3.00E-03	6.88E-02
6.00E-03	7.34E-02
1.00E-02	7.42E-02
2.00E-02	7.89E-02
4.00E-02	7.38E-02
6.00E-02	7.30E-02
8.00E-02	6.95E-02
1.00E-01	6.52E-02
1.50E-01	6.10E-02
2.00E-01	5.54E-02
2.50E-01	5.12E-02
3.00E-01	4.88E-02
3.50E-01	4.26E-02
4.00E-01	3.66E-02
4.50E-01	2.25E-02
5.00E-01	2.98E-02
5.50E-01	4.41E-02
6.00E-01	4.73E-02
7.00E-01	5.06E-02
8.00E-01	5.06E-02
9.00E-01	4.88E-02
1.00	3.39E-02
1.20	4.10E-02
1.40	5.47E-02
1.60	6.84E-02
1.80	7.26E-02
2.00	7.66E-02
2.30	9.57E-02
2.60	1.18E-01
3.00	1.04E-01
3.50	8.01E-02
4.00	6.13E-02
4.50	6.88E-02
5.00	6.21E-02
6.00	4.77E-02
7.00	3.20E-02
8.00	1.81E-02
9.00	1.10E-02
10.00	7.27E-03
11.00	4.65E-03
12.00	1.86E-03
13.00	1.55E-03
14.00	8.00E-04
15.00	4.10E-04
