Cf-252 {ISO 8529 - 1989 (E)}
4.14E-07	0
0.01	4.40E-05
0.05	2.74E-03
0.10	1.24E-02
0.20	3.33E-02
0.25	6.04E-02
0.30	7.90E-02
0.40	1.07E-02
0.50	1.46E-01
0.60	1.84E-01
0.70	2.21E-01
0.80	2.55E-01
1.00	3.01E-01
1.20	3.53E-01
1.40	3.95E-01
1.50	4.19E-01
1.60	4.32E-01
1.80	4.46E-01
2.00	4.58E-01
2.20	4.62E-01
2.30	4.61E-01
2.40	4.59E-01
2.60	4.53E-01
2.80	4.42E-01
3.00	4.27E-01
3.40	4.01E-01
3.70	3.66E-01
4.20	3.25E-01
4.60	2.78E-01
5.00	2.39E-01
5.50	1.99E-01
6.00	1.61E-01
6.50	1.28E-01
7.00	1.01E-01
7.50	7.92E-02
8.00	6.16E-02
8.50	4.76E-02
9.00	3.65E-02
9.50	2.79E-02
10.00	2.13E-02
11.00	1.42E-03
12.00	8.04E-03
13.00	4.51E-03
14.00	2.50E-03
16.00	1.08E-03
18.00	3.20E-04