Custom Spectrum
1.00E-08	1.00E-02
4.14E-07	1.00E-02
6.83E-07	1.00E-02
1.45E-06	1.00E-02
3.06E-06	1.00E-02
6.48E-06	1.00E-02
1.37E-05	1.00E-02
2.90E-05	1.00E-02
6.14E-05	1.00E-02
1.30E-04	1.00E-02
2.75E-04	1.00E-02
5.93E-04	1.00E-02
1.23E-03	1.00E-02
2.61E-03	1.00E-02
5.53E-03	1.00E-02
1.17E-02	1.00E-02
2.48E-02	1.00E-02
5.25E-02	1.00E-02
1.11E-01	1.00E-02
2.24E-01	1.00E-02
4.51E-01	1.00E-02
9.07E-01	1.00E-02
1.87E+00	1.00E-02
3.68E+00	1.00E-02
7.41E+00	2.71E+05
1.49E+01	4.03E+07
2.58E+01	3.30E+07
4.47E+01	1.30E+07
7.73E+01	5.83E+06
1.34E+02	3.34E+06
2.31E+02	2.36E+06
4.00E+02	1.91E+06
