FLATTOP reactor
2.50E-07	0.00E+00
5.00E-07	0.00E+00
1.00E-06	0.00E+00
2.15E-06	0.00E+00
4.65E-06	0.00E+00
1.00E-05	0.00E+00
2.15E-05	0.00E+00
4.65E-05	0.00E+00
1.00E-04	0.00E+00
2.15E-04	0.00E+00
4.65E-04	0.00E+00
1.00E-03	0.00E+00
2.15E-03	0.00E+00
4.65E-03	0.00E+00
1.00E-02	0.00E+00
1.26E-02	5.67E-04
1.58E-02	9.47E-04
2.00E-02	1.57E-03
2.51E-02	2.56E-03
3.16E-02	4.08E-03
3.98E-02	6.38E-03
5.01E-02	9.81E-03
6.31E-02	1.35E-02
7.94E-02	2.04E-02
1.00E-01	3.01E-02
1.26E-01	3.72E-02
1.58E-01	4.97E-02
2.00E-01	6.91E-02
2.51E-01	8.92E-02
3.16E-01	1.05E-01
3.98E-01	1.14E-01
5.01E-01	1.11E-01
6.31E-01	9.92E-02
7.94E-01	7.36E-02
1.00E+00	4.63E-02
1.26E+00	3.31E-02
1.58E+00	2.10E-02
2.00E+00	1.33E-02
2.51E+00	1.18E-02
3.16E+00	1.10E-02
3.98E+00	9.46E-03
5.01E+00	7.08E-03
6.31E+00	5.03E-03
7.94E+00	2.58E-03
1.00E+01	1.01E-03
1.26E+01	1.21E-04
1.58E+01	9.89E-06
2.00E+01	8.07E-07
3.30E+01	0.00E+00
5.90E+01	0.00E+00
8.23E+01	0.00E+00
1.60E+02	0.00E+00
2.23E+02	0.00E+00
4.35E+02	0.00E+00
