JEZEBEL reactor
2.50E-07	0.00E+00
5.00E-07	0.00E+00
1.00E-06	0.00E+00
2.15E-06	0.00E+00
4.65E-06	0.00E+00
1.00E-05	0.00E+00
2.15E-05	0.00E+00
4.65E-05	0.00E+00
1.00E-04	0.00E+00
2.15E-04	0.00E+00
4.65E-04	0.00E+00
1.00E-03	0.00E+00
2.15E-03	0.00E+00
4.65E-03	0.00E+00
1.00E-02	0.00E+00
1.26E-02	1.36E-04
1.58E-02	2.09E-04
2.00E-02	3.19E-04
2.51E-02	4.81E-04
3.16E-02	7.19E-04
3.98E-02	1.07E-03
5.01E-02	1.53E-03
6.31E-02	2.12E-03
7.94E-02	3.15E-03
1.00E-01	4.65E-03
1.26E-01	5.83E-03
1.58E-01	8.17E-03
2.00E-01	1.22E-02
2.51E-01	1.77E-02
3.16E-01	2.50E-02
3.98E-01	3.41E-02
5.01E-01	4.51E-02
6.31E-01	5.44E-02
7.94E-01	6.75E-02
1.00E+00	7.96E-02
1.26E+00	8.56E-02
1.58E+00	9.07E-02
2.00E+00	9.49E-02
2.51E+00	9.26E-02
3.16E+00	8.45E-02
3.98E+00	7.07E-02
5.01E+00	5.23E-02
6.31E+00	3.72E-02
7.94E+00	1.90E-02
1.00E+01	7.43E-03
1.26E+01	8.95E-04
1.58E+01	7.33E-05
2.00E+01	6.00E-06
3.30E+01	0.00E+00
5.90E+01	0.00E+00
8.23E+01	0.00E+00
1.60E+02	0.00E+00
2.23E+02	0.00E+00
4.35E+02	0.00E+00
