Po-Be Source
1.00E-07	0.00E+00
2.50E-07	0.00E+00
5.00E-07	0.00E+00
1.00E-06	0.00E+00
2.15E-06	0.00E+00
4.65E-06	0.00E+00
1.00E-05	0.00E+00
2.15E-05	0.00E+00
4.65E-05	0.00E+00
1.00E-04	0.00E+00
2.15E-04	0.00E+00
4.65E-04	0.00E+00
1.00E-03	0.00E+00
2.15E-03	1.68E-03
4.65E-03	4.03E-03
1.00E-02	6.04E-03
1.26E-02	7.47E-03
1.58E-02	8.41E-03
2.00E-02	1.00E-02
2.51E-02	1.05E-02
3.16E-02	1.19E-02
3.98E-02	1.21E-02
5.01E-02	1.20E-02
6.31E-02	1.26E-02
7.94E-02	1.32E-02
1.00E-01	1.42E-02
1.26E-01	1.50E-02
1.58E-01	1.63E-02
2.00E-01	1.76E-02
2.51E-01	1.92E-02
3.16E-01	2.38E-02
3.98E-01	2.96E-02
5.01E-01	3.75E-02
6.31E-01	4.72E-02
7.94E-01	5.95E-02
1.00E+00	7.01E-02
1.26E+00	6.54E-02
1.58E+00	5.64E-02
2.00E+00	6.12E-02
2.51E+00	6.79E-02
3.16E+00	7.42E-02
3.98E+00	7.24E-02
5.01E+00	6.87E-02
6.31E+00	5.48E-02
7.94E+00	1.74E-02
1.00E+01	1.74E-03
1.26E+01	0.00E+00
1.58E+01	0.00E+00
2.00E+01	0.00E+00
3.30E+01	0.00E+00
5.90E+01	0.00E+00
8.23E+01	0.00E+00
1.60E+02	0.00E+00
2.23E+02	0.00E+00
4.35E+02	0.00E+00
