PWR location F/5
2.50E-07	4.10E-02
5.00E-07	4.08E-02
1.00E-06	3.43E-02
2.15E-06	2.39E-02
4.65E-06	1.73E-02
1.00E-05	1.24E-02
2.15E-05	9.21E-03
4.65E-05	7.26E-03
1.00E-04	6.31E-03
2.15E-04	6.12E-03
4.65E-04	6.72E-03
1.00E-03	8.30E-03
2.15E-03	1.13E-02
4.65E-03	1.67E-02
1.00E-02	2.58E-02
1.26E-02	3.37E-02
1.58E-02	3.81E-02
2.00E-02	4.27E-02
2.51E-02	4.65E-02
3.16E-02	5.06E-02
3.98E-02	5.51E-02
5.01E-02	5.63E-02
6.31E-02	5.72E-02
7.94E-02	5.82E-02
1.00E-01	5.49E-02
1.26E-01	5.00E-02
1.58E-01	4.55E-02
2.00E-01	3.85E-02
2.51E-01	3.04E-02
3.16E-01	2.40E-02
3.98E-01	1.54E-02
5.01E-01	1.24E-02
6.31E-01	8.62E-03
7.94E-01	5.73E-03
1.00E+00	3.59E-03
1.26E+00	2.25E-03
1.58E+00	1.37E-03
2.00E+00	7.85E-04
2.51E+00	4.51E-04
3.16E+00	2.55E-04
3.98E+00	1.39E-04
5.01E+00	7.59E-05
6.31E+00	4.08E-05
7.94E+00	2.14E-05
1.00E+01	1.12E-05
1.26E+01	5.65E-06
1.58E+01	2.61E-06
2.00E+01	1.20E-06
3.30E+01	0.00E+00
5.90E+01	0.00E+00
8.23E+01	0.00E+00
1.60E+02	0.00E+00
2.23E+02	0.00E+00
4.35E+02	0.00E+00
