ARK1													
#Energies MeV	Bare	Bare Cd	2 inch	2 inch Cd	3 inch	3 inch Cd	5 inch	5 inch Cd	8 inch	10 inch	12 inch	15 inch	18 inch
1.000E-08	0.0000E+00	0.0000E+00	0.0000E+00	0.0000E+00	0.0000E+00	0.0000E+00	0.0000E+00	0.0000E+00	0.0000E+00	0.0000E+00	0.0000E+00	0.0000E+00	0.0000E+00
4.140E-07	1.2002E-01	0.0000E+00	9.0859E-02	0.0000E+00	7.0775E-02	0.0000E+00	3.5801E-02	0.0000E+00	1.2289E-02	4.6060E-03	1.7840E-03	0.0000E+00	0.0000E+00
6.826E-07	1.0126E-01	0.0000E+00	1.6950E-01	0.0000E+00	1.5978E-01	0.0000E+00	8.0737E-02	0.0000E+00	2.2183E-02	8.2853E-03	3.1967E-03	0.0000E+00	0.0000E+00
1.445E-06	8.7706E-02	0.0000E+00	1.7616E-01	0.0000E+00	1.7692E-01	0.0000E+00	9.2704E-02	0.0000E+00	2.5105E-02	9.3782E-03	3.3777E-03	0.0000E+00	0.0000E+00
3.059E-06	7.1278E-02	0.0000E+00	1.7809E-01	0.0000E+00	1.9229E-01	0.0000E+00	1.0667E-01	0.0000E+00	2.8845E-02	1.0897E-02	3.9476E-03	0.0000E+00	0.0000E+00
6.476E-06	5.5699E-02	0.0000E+00	1.7363E-01	0.0000E+00	2.0128E-01	0.0000E+00	1.1953E-01	0.0000E+00	3.2411E-02	1.2456E-02	4.6756E-03	0.0000E+00	0.0000E+00
1.371E-05	4.1795E-02	0.0000E+00	1.6385E-01	0.0000E+00	2.0412E-01	0.0000E+00	1.3067E-01	0.0000E+00	3.5475E-02	1.3841E-02	5.2720E-03	0.0000E+00	0.0000E+00
2.902E-05	3.0070E-02	0.0000E+00	1.5025E-01	0.0000E+00	2.0169E-01	0.0000E+00	1.3972E-01	0.0000E+00	3.8030E-02	1.4954E-02	5.5985E-03	0.0000E+00	0.0000E+00
6.144E-05	2.0729E-02	0.0000E+00	1.3445E-01	0.0000E+00	1.9530E-01	0.0000E+00	1.4657E-01	0.0000E+00	4.0327E-02	1.5835E-02	5.7064E-03	0.0000E+00	0.0000E+00
1.301E-04	1.3724E-02	0.0000E+00	1.1804E-01	0.0000E+00	1.8644E-01	0.0000E+00	1.5140E-01	0.0000E+00	4.2688E-02	1.6618E-02	5.7729E-03	0.0000E+00	0.0000E+00
2.754E-04	8.8227E-03	0.0000E+00	1.0235E-01	0.0000E+00	1.7651E-01	0.0000E+00	1.5462E-01	0.0000E+00	4.5324E-02	1.7464E-02	5.9967E-03	0.0000E+00	0.0000E+00
5.929E-04	5.6350E-03	0.0000E+00	8.8195E-02	0.0000E+00	1.6655E-01	0.0000E+00	1.5690E-01	0.0000E+00	4.8257E-02	1.8500E-02	6.5042E-03	0.0000E+00	0.0000E+00
1.234E-03	3.7932E-03	0.0000E+00	7.6365E-02	0.0000E+00	1.5748E-01	0.0000E+00	1.5889E-01	0.0000E+00	5.1200E-02	1.9725E-02	7.2565E-03	0.0000E+00	0.0000E+00
2.613E-03	2.8447E-03	0.0000E+00	6.6842E-02	0.0000E+00	1.4954E-01	0.0000E+00	1.6126E-01	0.0000E+00	5.3866E-02	2.1067E-02	8.0783E-03	0.0000E+00	0.0000E+00
5.531E-03	2.3815E-03	0.0000E+00	5.9032E-02	0.0000E+00	1.4230E-01	0.0000E+00	1.6455E-01	0.0000E+00	5.6211E-02	2.2454E-02	8.7412E-03	0.0000E+00	0.0000E+00
1.171E-02	2.1170E-03	0.0000E+00	5.2415E-02	0.0000E+00	1.3523E-01	0.0000E+00	1.6892E-01	0.0000E+00	5.8579E-02	2.3849E-02	9.0529E-03	0.0000E+00	0.0000E+00
2.479E-02	1.8475E-03	0.0000E+00	4.6224E-02	0.0000E+00	1.2745E-01	0.0000E+00	1.7408E-01	0.0000E+00	6.2104E-02	2.5504E-02	9.0976E-03	0.0000E+00	0.0000E+00
5.247E-02	1.4741E-03	0.0000E+00	3.9759E-02	0.0000E+00	1.1804E-01	0.0000E+00	1.7921E-01	0.0000E+00	6.8777E-02	2.8180E-02	9.4667E-03	0.0000E+00	0.0000E+00
1.111E-01	9.9230E-04	0.0000E+00	3.2573E-02	0.0000E+00	1.0625E-01	0.0000E+00	1.8294E-01	0.0000E+00	8.1253E-02	3.3457E-02	1.1503E-02	0.0000E+00	0.0000E+00
2.237E-01	4.8575E-04	0.0000E+00	2.4899E-02	0.0000E+00	9.2265E-02	0.0000E+00	1.8346E-01	0.0000E+00	1.0122E-01	4.3528E-02	1.7168E-02	0.0000E+00	0.0000E+00
4.508E-01	4.9128E-05	0.0000E+00	1.7176E-02	0.0000E+00	7.6480E-02	0.0000E+00	1.7914E-01	0.0000E+00	1.2904E-01	6.1526E-02	2.8984E-02	0.0000E+00	0.0000E+00
9.072E-01	4.9128E-05	0.0000E+00	9.8977E-03	0.0000E+00	5.9203E-02	0.0000E+00	1.6829E-01	0.0000E+00	1.6563E-01	9.2455E-02	5.0524E-02	0.0000E+00	0.0000E+00
1.872E+00	4.9128E-05	0.0000E+00	3.9725E-03	0.0000E+00	4.1392E-02	0.0000E+00	1.4906E-01	0.0000E+00	1.8891E-01	1.4272E-01	8.6622E-02	0.0000E+00	0.0000E+00
3.679E+00	4.9128E-05	0.0000E+00	5.6078E-04	0.0000E+00	2.5312E-02	0.0000E+00	1.2165E-01	0.0000E+00	1.7589E-01	1.6733E-01	1.4680E-01	0.0000E+00	0.0000E+00
7.408E+00	4.9128E-05	0.0000E+00	1.2298E-04	0.0000E+00	1.2714E-02	0.0000E+00	8.7444E-02	0.0000E+00	1.4139E-01	1.5058E-01	1.6020E-01	0.0000E+00	0.0000E+00
1.492E+01	4.9128E-05	0.0000E+00	1.2298E-04	0.0000E+00	4.6102E-03	0.0000E+00	4.8855E-02	0.0000E+00	9.7050E-02	1.1288E-01	1.1625E-01	0.0000E+00	0.0000E+00
2.581E+01	4.9128E-05	0.0000E+00	1.2298E-04	0.0000E+00	1.7928E-03	0.0000E+00	1.6784E-02	0.0000E+00	5.8842E-02	7.5358E-02	7.3776E-02	0.0000E+00	0.0000E+00
4.465E+01	4.9128E-05	0.0000E+00	1.2298E-04	0.0000E+00	1.7928E-03	0.0000E+00	1.6784E-02	0.0000E+00	3.2730E-02	4.7580E-02	5.0513E-02	0.0000E+00	0.0000E+00
7.725E+01	4.9128E-05	0.0000E+00	1.2298E-04	0.0000E+00	1.7928E-03	0.0000E+00	1.6784E-02	0.0000E+00	1.8408E-02	3.0078E-02	3.9724E-02	0.0000E+00	0.0000E+00
1.336E+02	4.9128E-05	0.0000E+00	1.2298E-04	0.0000E+00	1.7928E-03	0.0000E+00	1.6784E-02	0.0000E+00	1.8408E-02	2.6592E-02	2.7966E-02	0.0000E+00	0.0000E+00
2.312E+02	4.9128E-05	0.0000E+00	1.2298E-04	0.0000E+00	1.7928E-03	0.0000E+00	1.6784E-02	0.0000E+00	1.8408E-02	2.6592E-02	2.7966E-02	0.0000E+00	0.0000E+00
4.000E+02	4.9128E-05	0.0000E+00	1.2298E-04	0.0000E+00	1.7928E-03	0.0000E+00	1.6784E-02	0.0000E+00	1.8408E-02	2.6592E-02	2.7966E-02	0.0000E+00	0.0000E+00