Bhabba Atomic Research Center - 4mm x 4mm
#MeV,Bare,Bare Cd,2 inch,2 inch Cd,3 inch,3 inch Cd,5 inch,5 inch Cd,8 inch,10 inch,12 inch,15 inch,18 inch
.1000E-07,.0000E+00,.0000E+00,.0000E+00,.0000E+00,.0000E+00,.0000E+00,.0000E+00,.0000E+00,.0000E+00,.0000E+00,.0000E+00,0.0000E+00,.0000E+00
.4140E-06,.0000E+00,.0000E+00,.2139E+00,.1802E-05,.1581E+00,.1312E-05,.9620E-01,.7977E-06,.3140E-01,.4300E-02,.8900E-02,0.0000E+00,.0000E+00
.6826E-06,.0000E+00,.0000E+00,.2279E+00,.1246E+00,.2001E+00,.1083E+00,.1479E+00,.7895E-01,.4470E-01,.1790E-01,.9300E-02,0.0000E+00,.0000E+00
.1445E-05,.0000E+00,.0000E+00,.2263E+00,.2037E+00,.2136E+00,.1918E+00,.1598E+00,.1430E+00,.4690E-01,.2150E-01,.1060E-01,0.0000E+00,.0000E+00
.3059E-05,.0000E+00,.0000E+00,.2211E+00,.2169E+00,.2253E+00,.2206E+00,.1703E+00,.1665E+00,.5150E-01,.2790E-01,.1110E-01,0.0000E+00,.0000E+00
.6476E-05,.0000E+00,.0000E+00,.2135E+00,.2118E+00,.2349E+00,.2326E+00,.1724E+00,.1705E+00,.5830E-01,.3140E-01,.1210E-01,0.0000E+00,.0000E+00
.1371E-04,.0000E+00,.0000E+00,.2067E+00,.2056E+00,.2402E+00,.2384E+00,.1807E+00,.1792E+00,.6790E-01,.3570E-01,.1310E-01,0.0000E+00,.0000E+00
.2902E-04,.0000E+00,.0000E+00,.1962E+00,.1917E+00,.2434E+00,.2371E+00,.1832E+00,.1780E+00,.7380E-01,.3690E-01,.1350E-01,0.0000E+00,.0000E+00
.6144E-04,.0000E+00,.0000E+00,.1884E+00,.1829E+00,.2405E+00,.2324E+00,.1836E+00,.1769E+00,.7310E-01,.3870E-01,.1430E-01,0.0000E+00,.0000E+00
.1301E-03,.0000E+00,.0000E+00,.1718E+00,.1556E+00,.2358E+00,.2123E+00,.1875E+00,.1681E+00,.7020E-01,.4150E-01,.1530E-01,0.0000E+00,.0000E+00
.2754E-03,.0000E+00,.0000E+00,.1606E+00,.1567E+00,.2260E+00,.2195E+00,.1906E+00,.1845E+00,.7100E-01,.4190E-01,.1590E-01,0.0000E+00,.0000E+00
.5929E-03,.0000E+00,.0000E+00,.1519E+00,.1475E+00,.2179E+00,.2100E+00,.1938E+00,.1860E+00,.7230E-01,.4310E-01,.1710E-01,0.0000E+00,.0000E+00
.1234E-02,.0000E+00,.0000E+00,.1335E+00,.1319E+00,.2057E+00,.2017E+00,.1973E+00,.1925E+00,.7590E-01,.4420E-01,.1820E-01,0.0000E+00,.0000E+00
.2613E-02,.0000E+00,.0000E+00,.1189E+00,.1193E+00,.1933E+00,.1924E+00,.2001E+00,.1982E+00,.8180E-01,.4560E-01,.1850E-01,0.0000E+00,.0000E+00
.5531E-02,.0000E+00,.0000E+00,.1098E+00,.1103E+00,.1862E+00,.1853E+00,.2057E+00,.2037E+00,.8560E-01,.4710E-01,.1950E-01,0.0000E+00,.0000E+00
.1171E-01,.0000E+00,.0000E+00,.8520E-01,.8579E-01,.1776E+00,.1769E+00,.2084E+00,.2064E+00,.9430E-01,.4990E-01,.1980E-01,0.0000E+00,.0000E+00
.2479E-01,.0000E+00,.0000E+00,.6730E-01,.6796E-01,.1708E+00,.1705E+00,.2105E+00,.2087E+00,.1115E+00,.5010E-01,.2190E-01,0.0000E+00,.0000E+00
.5247E-01,.0000E+00,.0000E+00,.6240E-01,.6319E-01,.1611E+00,.1610E+00,.2152E+00,.2136E+00,.1230E+00,.5030E-01,.2450E-01,0.0000E+00,.0000E+00
.1111E+00,.0000E+00,.0000E+00,.5370E-01,.5457E-01,.1504E+00,.1506E+00,.2196E+00,.2181E+00,.1613E+00,.5490E-01,.3120E-01,0.0000E+00,.0000E+00
.2237E+00,.0000E+00,.0000E+00,.4360E-01,.4449E-01,.1355E+00,.1361E+00,.2458E+00,.2444E+00,.1879E+00,.6580E-01,.4230E-01,0.0000E+00,.0000E+00
.4508E+00,.0000E+00,.0000E+00,.3650E-01,.3742E-01,.1229E+00,.1239E+00,.2503E+00,.2496E+00,.2094E+00,.8610E-01,.5750E-01,0.0000E+00,.0000E+00
.9072E+00,.0000E+00,.0000E+00,.2710E-01,.2800E-01,.8990E-01,.9106E-01,.2329E+00,.2327E+00,.2542E+00,.1128E+00,.8270E-01,0.0000E+00,.0000E+00
.1872E+01,.0000E+00,.0000E+00,.1190E-01,.1247E-01,.5230E-01,.5342E-01,.1886E+00,.1891E+00,.2738E+00,.1590E+00,.1200E+00,0.0000E+00,.0000E+00
.3679E+01,.0000E+00,.0000E+00,.4800E-02,.5162E-02,.3260E-01,.3384E-01,.1471E+00,.1485E+00,.2541E+00,.1912E+00,.1839E+00,0.0000E+00,.0000E+00
.7408E+01,.0000E+00,.0000E+00,.0000E+00,.0000E+00,.1310E-01,.1390E-01,.8730E-01,.8906E-01,.2200E+00,.1789E+00,.1875E+00,0.0000E+00,.0000E+00
.1492E+02,.0000E+00,.0000E+00,.0000E+00,.0000E+00,.1070E-01,.1259E-01,.1650E-01,.1744E-01,.1203E+00,.1251E+00,.1168E+00,0.0000E+00,.0000E+00
.2581E+02,.0000E+00,.0000E+00,.0000E+00,.0000E+00,.0000E+00,.0000E+00,.0000E+00,.0000E+00,.0000E+00,.0000E+00,.0000E+00,0.0000E+00,.0000E+00
.4465E+02,.0000E+00,.0000E+00,.0000E+00,.0000E+00,.0000E+00,.0000E+00,.0000E+00,.0000E+00,.0000E+00,.0000E+00,.0000E+00,0.0000E+00,.0000E+00
.7725E+02,.0000E+00,.0000E+00,.0000E+00,.0000E+00,.0000E+00,.0000E+00,.0000E+00,.0000E+00,.0000E+00,.0000E+00,.0000E+00,0.0000E+00,.0000E+00
.1336E+03,.0000E+00,.0000E+00,.0000E+00,.0000E+00,.0000E+00,.0000E+00,.0000E+00,.0000E+00,.0000E+00,.0000E+00,.0000E+00,0.0000E+00,.0000E+00
.2312E+03,.0000E+00,.0000E+00,.0000E+00,.0000E+00,.0000E+00,.0000E+00,.0000E+00,.0000E+00,.0000E+00,.0000E+00,.0000E+00,0.0000E+00,.0000E+00
.4000E+03,.0000E+00,.0000E+00,.0000E+00,.0000E+00,.0000E+00,.0000E+00,.0000E+00,.0000E+00,.0000E+00,.0000E+00,.0000E+00,0.0000E+00,.0000E+00
