Hertel and Veinot - Georgia Tech  4mm x 4mm
1e-8,0,0,0,0,0,0,0,0,0,0,0,0,0
4.14E-07,1.22E-01,0.00E+00,7.09E-02,0.00E+00,1.15E-01,0.00E+00,5.67E-02,0.00E+00,1.36E-03,2.97E-03,6.30E-03,0.00E+00,0
6.83E-07,1.06E-01,0.00E+00,1.36E-01,0.00E+00,1.47E-01,0.00E+00,7.78E-02,0.00E+00,2.30E-03,3.10E-03,8.41E-03,0.00E+00,0
1.45E-06,8.06E-02,0.00E+00,1.64E-01,0.00E+00,1.64E-01,0.00E+00,8.81E-02,0.00E+00,2.28E-03,2.80E-03,7.86E-03,0.00E+00,0
3.06E-06,6.52E-02,0.00E+00,1.58E-01,0.00E+00,1.90E-01,0.00E+00,1.01E-01,0.00E+00,1.32E-03,3.87E-03,7.58E-03,0.00E+00,0
6.48E-06,5.00E-02,0.00E+00,1.63E-01,0.00E+00,1.74E-01,0.00E+00,1.18E-01,0.00E+00,3.56E-03,2.98E-03,8.97E-03,0.00E+00,0
1.37E-05,3.84E-02,0.00E+00,1.38E-01,0.00E+00,1.91E-01,0.00E+00,1.14E-01,0.00E+00,2.94E-03,4.94E-03,1.08E-02,0.00E+00,-
2.90E-05,2.87E-02,0.00E+00,1.33E-01,0.00E+00,1.70E-01,0.00E+00,1.31E-01,0.00E+00,2.65E-03,4.64E-03,9.00E-03,0.00E+00,0
6.14E-05,1.94E-02,0.00E+00,1.14E-01,0.00E+00,1.85E-01,0.00E+00,1.42E-01,0.00E+00,1.94E-03,5.79E-03,7.11E-03,0.00E+00,0
1.30E-04,1.49E-02,0.00E+00,9.79E-02,0.00E+00,1.73E-01,0.00E+00,1.37E-01,0.00E+00,1.13E-02,5.10E-03,8.08E-03,0.00E+00,0
2.75E-04,1.07E-02,0.00E+00,1.01E-01,0.00E+00,1.79E-01,0.00E+00,1.45E-01,0.00E+00,2.23E-03,4.86E-03,1.04E-02,0.00E+00,0
5.93E-04,7.71E-03,0.00E+00,8.87E-02,0.00E+00,1.46E-01,0.00E+00,1.46E-01,0.00E+00,5.08E-03,4.96E-03,9.14E-03,0.00E+00,0
1.23E-03,5.55E-03,0.00E+00,7.51E-02,0.00E+00,1.54E-01,0.00E+00,1.44E-01,0.00E+00,6.28E-03,7.01E-03,8.27E-03,0.00E+00,0
2.61E-03,3.79E-03,0.00E+00,6.50E-02,0.00E+00,1.61E-01,0.00E+00,1.44E-01,0.00E+00,5.48E-03,7.65E-03,1.02E-02,0.00E+00,0
5.53E-03,2.75E-03,0.00E+00,4.98E-02,0.00E+00,1.47E-01,0.00E+00,1.61E-01,0.00E+00,1.96E-03,8.04E-03,1.23E-02,0.00E+00,0
1.17E-02,1.90E-03,0.00E+00,4.68E-02,0.00E+00,1.24E-01,0.00E+00,1.48E-01,0.00E+00,5.41E-03,4.05E-03,1.09E-02,0.00E+00,0
2.48E-02,1.26E-03,0.00E+00,4.11E-02,0.00E+00,1.16E-01,0.00E+00,1.56E-01,0.00E+00,5.89E-03,5.99E-03,1.34E-02,0.00E+00,0
5.25E-02,9.00E-04,0.00E+00,3.17E-02,0.00E+00,1.09E-01,0.00E+00,1.59E-01,0.00E+00,8.10E-03,9.20E-03,1.10E-02,0.00E+00,0
1.11E-01,6.32E-04,0.00E+00,2.66E-02,0.00E+00,1.01E-01,0.00E+00,1.71E-01,0.00E+00,1.42E-02,8.84E-03,1.13E-02,0.00E+00,0
2.24E-01,9.51E-04,0.00E+00,1.88E-02,0.00E+00,8.78E-02,0.00E+00,1.77E-01,0.00E+00,9.31E-03,1.01E-02,1.13E-02,0.00E+00,0
4.51E-01,1.00E-03,0.00E+00,1.51E-02,0.00E+00,7.63E-02,0.00E+00,1.67E-01,0.00E+00,1.97E-02,1.39E-02,1.77E-02,0.00E+00,0
9.07E-01,2.73E-04,0.00E+00,9.34E-03,0.00E+00,6.14E-02,0.00E+00,1.71E-01,0.00E+00,2.10E-02,2.40E-02,2.31E-02,0.00E+00,0
1.87E+00,1.77E-04,0.00E+00,4.96E-03,0.00E+00,3.22E-02,0.00E+00,1.41E-01,0.00E+00,2.44E-02,3.13E-02,3.47E-02,0.00E+00,0
3.68E+00,1.37E-04,0.00E+00,1.14E-03,0.00E+00,1.49E-02,0.00E+00,8.97E-02,0.00E+00,3.65E-02,3.03E-02,3.14E-02,0.00E+00,0
7.41E+00,6.62E-05,0.00E+00,1.22E-03,0.00E+00,1.24E-02,0.00E+00,5.78E-02,0.00E+00,2.54E-02,3.08E-02,3.20E-02,0.00E+00,0
1.49E+01,3.00E-05,0.00E+00,4.23E-04,0.00E+00,5.39E-03,0.00E+00,2.38E-02,0.00E+00,1.67E-02,2.17E-02,2.31E-02,0.00E+00,0
2.00E+01,2.34E-05,0.00E+00,4.12E-04,0.00E+00,2.20E-03,0.00E+00,1.84E-02,0.00E+00,9.12E-03,1.37E-02,1.73E-02,0.00E+00,0
