Zamborowski 31 Groups
#MeV,Bare,Bare Cd,2 inch,2 inch Cd,3 inch,3 inch Cd,5 inch,5 inch Cd,8 inch,10 inch,12 inch,15 inch,18 inch
.1000E-07,.0000E+00,.0000E+00,.0000E+00,.0000E+00,.0000E+00,.0000E+00,.0000E+00,.0000E+00,.0000E+00,.0000E+00,.0000E+00,0.0000E+00,.0000E+00
.4140E-06,.0000E+00,.0000E+00,.1498E+00,.1262E-05,.1231E+00,.1021E-05,.6369E-01,.5281E-06,.1859E-01,.8799E-02,.4461E-02,0.0000E+00,.1043E-03
.6826E-06,.0000E+00,.0000E+00,.2569E+00,.1404E+00,.2466E+00,.1335E+00,.1355E+00,.7233E-01,.4555E-01,.2265E-01,.1174E-01,0.0000E+00,.2060E-02
.1445E-05,.0000E+00,.0000E+00,.2748E+00,.2474E+00,.2843E+00,.2552E+00,.1634E+00,.1463E+00,.5451E-01,.2656E-01,.1344E-01,0.0000E+00,.2178E-02
.3059E-05,.0000E+00,.0000E+00,.2572E+00,.2523E+00,.2929E+00,.2868E+00,.1793E+00,.1753E+00,.5987E-01,.2864E-01,.1414E-01,0.0000E+00,.2108E-02
.6476E-05,.0000E+00,.0000E+00,.2261E+00,.2243E+00,.2853E+00,.2825E+00,.1879E+00,.1858E+00,.6346E-01,.2996E-01,.1450E-01,0.0000E+00,.2010E-02
.1371E-04,.0000E+00,.0000E+00,.1900E+00,.1890E+00,.2673E+00,.2653E+00,.1914E+00,.1898E+00,.6620E-01,.3104E-01,.1482E-01,0.0000E+00,.1936E-02
.2902E-04,.0000E+00,.0000E+00,.1583E+00,.1547E+00,.2484E+00,.2419E+00,.1935E+00,.1880E+00,.6862E-01,.3200E-01,.1507E-01,0.0000E+00,.1862E-02
.6144E-04,.0000E+00,.0000E+00,.1327E+00,.1288E+00,.2314E+00,.2236E+00,.1953E+00,.1881E+00,.7087E-01,.3283E-01,.1526E-01,0.0000E+00,.1781E-02
.1301E-03,.0000E+00,.0000E+00,.1120E+00,.1014E+00,.2160E+00,.1945E+00,.1970E+00,.1766E+00,.7310E-01,.3368E-01,.1546E-01,0.0000E+00,.1713E-02
.2754E-03,.0000E+00,.0000E+00,.9520E-01,.9292E-01,.2020E+00,.1962E+00,.1985E+00,.1921E+00,.7543E-01,.3462E-01,.1573E-01,0.0000E+00,.1663E-02
.5929E-03,.0000E+00,.0000E+00,.8112E-01,.7875E-01,.1890E+00,.1821E+00,.2003E+00,.1922E+00,.7836E-01,.3597E-01,.1624E-01,0.0000E+00,.1658E-02
.1234E-02,.0000E+00,.0000E+00,.6991E-01,.6910E-01,.1774E+00,.1739E+00,.2019E+00,.1970E+00,.8137E-01,.3743E-01,.1682E-01,0.0000E+00,.1671E-02
.2613E-02,.0000E+00,.0000E+00,.6106E-01,.6125E-01,.1673E+00,.1665E+00,.2031E+00,.2012E+00,.8419E-01,.3884E-01,.1741E-01,0.0000E+00,.1691E-02
.5531E-02,.0000E+00,.0000E+00,.5327E-01,.5352E-01,.1576E+00,.1569E+00,.2044E+00,.2025E+00,.8729E-01,.4041E-01,.1809E-01,0.0000E+00,.1721E-02
.1171E-01,.0000E+00,.0000E+00,.4582E-01,.4614E-01,.1477E+00,.1472E+00,.2060E+00,.2041E+00,.9092E-01,.4227E-01,.1888E-01,0.0000E+00,.1758E-02
.2479E-01,.0000E+00,.0000E+00,.3867E-01,.3905E-01,.1371E+00,.1368E+00,.2074E+00,.2057E+00,.9493E-01,.4433E-01,.1975E-01,0.0000E+00,.1791E-02
.5247E-01,.0000E+00,.0000E+00,.3173E-01,.3213E-01,.1253E+00,.1252E+00,.2086E+00,.2070E+00,.1000E+00,.4712E-01,.2100E-01,0.0000E+00,.1866E-02
.1111E+00,.0000E+00,.0000E+00,.2520E-01,.2561E-01,.1130E+00,.1132E+00,.2107E+00,.2092E+00,.1072E+00,.5116E-01,.2287E-01,0.0000E+00,.1999E-02
.2237E+00,.0000E+00,.0000E+00,.1948E-01,.1988E-01,.9995E-01,.1004E+00,.2148E+00,.2136E+00,.1213E+00,.6024E-01,.2772E-01,0.0000E+00,.2549E-02
.4508E+00,.0000E+00,.0000E+00,.1415E-01,.1451E-01,.8366E-01,.8434E-01,.2174E+00,.2168E+00,.1480E+00,.8081E-01,.4027E-01,0.0000E+00,.4464E-02
.9072E+00,.0000E+00,.0000E+00,.8654E-02,.8940E-02,.5959E-01,.6036E-01,.2007E+00,.2005E+00,.1875E+00,.1226E+00,.7195E-01,0.0000E+00,.1216E-01
.1872E+01,.0000E+00,.0000E+00,.5243E-02,.5495E-02,.4048E-01,.4135E-01,.1740E+00,.1745E+00,.2234E+00,.1751E+00,.1208E+00,0.0000E+00,.3058E-01
.3679E+01,.0000E+00,.0000E+00,.2414E-02,.2596E-02,.2138E-01,.2219E-01,.1189E+00,.1200E+00,.2090E+00,.1944E+00,.1557E+00,0.0000E+00,.5629E-01
.7408E+01,.0000E+00,.0000E+00,.1203E-02,.1335E-02,.1116E-01,.1184E-01,.7402E-01,.7551E-01,.1723E+00,.1912E+00,.1808E+00,0.0000E+00,.1023E+00
.1492E+02,.0000E+00,.0000E+00,.8719E-03,.1182E-02,.6675E-02,.7853E-02,.4073E-01,.4306E-01,.1006E+00,.1196E+00,.1220E+00,0.0000E+00,.8648E-01
.2581E+02,.0000E+00,.0000E+00,.0000E+00,.0000E+00,.0000E+00,.0000E+00,.0000E+00,.0000E+00,.0000E+00,.0000E+00,.0000E+00,0.0000E+00,.0000E+00
.4465E+02,.0000E+00,.0000E+00,.0000E+00,.0000E+00,.0000E+00,.0000E+00,.0000E+00,.0000E+00,.0000E+00,.0000E+00,.0000E+00,0.0000E+00,.0000E+00
.7725E+02,.0000E+00,.0000E+00,.0000E+00,.0000E+00,.0000E+00,.0000E+00,.0000E+00,.0000E+00,.0000E+00,.0000E+00,.0000E+00,0.0000E+00,.0000E+00
.1336E+03,.0000E+00,.0000E+00,.0000E+00,.0000E+00,.0000E+00,.0000E+00,.0000E+00,.0000E+00,.0000E+00,.0000E+00,.0000E+00,0.0000E+00,.0000E+00
.2312E+03,.0000E+00,.0000E+00,.0000E+00,.0000E+00,.0000E+00,.0000E+00,.0000E+00,.0000E+00,.0000E+00,.0000E+00,.0000E+00,0.0000E+00,.0000E+00
.4000E+03,.0000E+00,.0000E+00,.0000E+00,.0000E+00,.0000E+00,.0000E+00,.0000E+00,.0000E+00,.0000E+00,.0000E+00,.0000E+00,0.0000E+00,.0000E+00
