Burrus 31 Groups
#MeV,Bare,Bare Cd,2 inch,2 inch Cd,3 inch,3 inch Cd,5 inch,5 inch Cd,8 inch,10 inch,12 inch,15 inch,18 inch
.1000E-07,.0000E+00,.0000E+00,.0000E+00,.0000E+00,.0000E+00,.0000E+00,.0000E+00,.0000E+00,.0000E+00,.0000E+00,.0000E+00,0.0000E+00,.0000E+00
.4140E-06,.3069E+01,.5077E-04,.5026E+01,.4234E-04,.4816E+01,.3996E-04,.3143E+01,.2606E-04,.1086E+01,.5516E+00,.2463E+00,0.0000E+00,.0000E+00
.6826E-06,.2806E+01,.1731E+01,.5130E+01,.2804E+01,.5220E+01,.2826E+01,.3537E+01,.1888E+01,.1283E+01,.6474E+00,.2592E+00,0.0000E+00,.0000E+00
.1445E-05,.2459E+01,.2279E+01,.5150E+01,.4636E+01,.5517E+01,.4953E+01,.3850E+01,.3446E+01,.1412E+01,.7156E+00,.2713E+00,0.0000E+00,.0000E+00
.3059E-05,.2077E+01,.2058E+01,.5120E+01,.5022E+01,.5843E+01,.5720E+01,.4188E+01,.4095E+01,.1559E+01,.7888E+00,.2876E+00,0.0000E+00,.0000E+00
.6476E-05,.1686E+01,.1684E+01,.4993E+01,.4954E+01,.6168E+01,.6108E+01,.4578E+01,.4528E+01,.1705E+01,.8557E+00,.3039E+00,0.0000E+00,.0000E+00
.1371E-04,.1245E+01,.1245E+01,.4696E+01,.4671E+01,.6494E+01,.6447E+01,.4935E+01,.4893E+01,.1852E+01,.9309E+00,.3202E+00,0.0000E+00,.0000E+00
.2902E-04,.9144E+00,.9026E+00,.4351E+01,.4252E+01,.6820E+01,.6643E+01,.5303E+01,.5153E+01,.1998E+01,.1003E+01,.3365E+00,0.0000E+00,.0000E+00
.6144E-04,.5121E+00,.5030E+00,.4015E+01,.3898E+01,.7132E+01,.6893E+01,.5661E+01,.5453E+01,.2145E+01,.1071E+01,.3528E+00,0.0000E+00,.0000E+00
.1301E-03,.7591E-01,.7135E-01,.3726E+01,.3375E+01,.7388E+01,.6652E+01,.6019E+01,.5395E+01,.2292E+01,.1146E+01,.3687E+00,0.0000E+00,.0000E+00
.2754E-03,.0000E+00,.0000E+00,.3454E+01,.3371E+01,.7565E+01,.7349E+01,.6394E+01,.6188E+01,.2438E+01,.1217E+01,.4017E+00,0.0000E+00,.0000E+00
.5929E-03,.0000E+00,.0000E+00,.3190E+01,.3097E+01,.7596E+01,.7319E+01,.6808E+01,.6533E+01,.2587E+01,.1288E+01,.4219E+00,0.0000E+00,.0000E+00
.1234E-02,.0000E+00,.0000E+00,.2932E+01,.2898E+01,.7498E+01,.7352E+01,.7236E+01,.7059E+01,.2732E+01,.1360E+01,.4464E+00,0.0000E+00,.0000E+00
.2613E-02,.0000E+00,.0000E+00,.2662E+01,.2670E+01,.7318E+01,.7282E+01,.7691E+01,.7617E+01,.2887E+01,.1430E+01,.4680E+00,0.0000E+00,.0000E+00
.5531E-02,.0000E+00,.0000E+00,.2402E+01,.2413E+01,.7072E+01,.7039E+01,.8154E+01,.8076E+01,.3097E+01,.1503E+01,.4905E+00,0.0000E+00,.0000E+00
.1171E-01,.0000E+00,.0000E+00,.2134E+01,.2149E+01,.6767E+01,.6742E+01,.8619E+01,.8538E+01,.3351E+01,.1639E+01,.5125E+00,0.0000E+00,.0000E+00
.2479E-01,.0000E+00,.0000E+00,.1871E+01,.1889E+01,.6409E+01,.6396E+01,.9086E+01,.9010E+01,.3690E+01,.1817E+01,.5627E+00,0.0000E+00,.0000E+00
.5247E-01,.0000E+00,.0000E+00,.1610E+01,.1630E+01,.5970E+01,.5966E+01,.9551E+01,.9478E+01,.4128E+01,.2068E+01,.6741E+00,0.0000E+00,.0000E+00
.1111E+00,.0000E+00,.0000E+00,.1344E+01,.1366E+01,.5454E+01,.5462E+01,.1001E+02,.9941E+01,.4807E+01,.2429E+01,.8533E+00,0.0000E+00,.0000E+00
.2237E+00,.0000E+00,.0000E+00,.1091E+01,.1113E+01,.4848E+01,.4869E+01,.1045E+02,.1039E+02,.5748E+01,.3062E+01,.1137E+01,0.0000E+00,.0000E+00
.4508E+00,.0000E+00,.0000E+00,.8399E+00,.8612E+00,.4046E+01,.4079E+01,.1075E+02,.1072E+02,.7320E+01,.4225E+01,.1699E+01,0.0000E+00,.0000E+00
.9072E+00,.0000E+00,.0000E+00,.6035E+00,.6235E+00,.3055E+01,.3094E+01,.1048E+02,.1047E+02,.1021E+02,.6644E+01,.3366E+01,0.0000E+00,.0000E+00
.1872E+01,.0000E+00,.0000E+00,.3441E+00,.3606E+00,.2027E+01,.2071E+01,.8416E+01,.8438E+01,.1131E+02,.9416E+01,.5918E+01,0.0000E+00,.0000E+00
.3679E+01,.0000E+00,.0000E+00,.1372E+00,.1476E+00,.1083E+01,.1124E+01,.5776E+01,.5832E+01,.1060E+02,.1054E+02,.8227E+01,0.0000E+00,.0000E+00
.7408E+01,.0000E+00,.0000E+00,.7281E-01,.8077E-01,.5175E+00,.5489E+00,.4058E+01,.4140E+01,.7524E+01,.8612E+01,.9337E+01,0.0000E+00,.0000E+00
.1492E+02,.0000E+00,.0000E+00,.5403E-01,.7324E-01,.2952E+00,.3473E+00,.1885E+01,.1993E+01,.4766E+01,.5340E+01,.5874E+01,0.0000E+00,.0000E+00
.2581E+02,.0000E+00,.0000E+00,.1787E-01,.2422E-01,.1352E+00,.1591E+00,.1095E+01,.1158E+01,.2489E+01,.3824E+01,.4728E+01,0.0000E+00,.0000E+00
.4465E+02,.0000E+00,.0000E+00,.1679E-02,.2276E-02,.6061E-01,.7130E-01,.4831E+00,.5107E+00,.1745E+01,.2959E+01,.4133E+01,0.0000E+00,.0000E+00
.7725E+02,.0000E+00,.0000E+00,.0000E+00,.0000E+00,.2156E-01,.2536E-01,.2093E+00,.2213E+00,.1143E+01,.2555E+01,.3546E+01,0.0000E+00,.0000E+00
.1336E+03,.0000E+00,.0000E+00,.0000E+00,.0000E+00,.8853E-02,.1041E-01,.1241E+00,.1312E+00,.2050E+00,.1627E+00,.2126E+01,0.0000E+00,.0000E+00
.2312E+03,.0000E+00,.0000E+00,.0000E+00,.0000E+00,.0000E+00,.0000E+00,.0000E+00,.0000E+00,.0000E+00,.0000E+00,.0000E+00,0.0000E+00,.0000E+00
.4000E+03,.0000E+00,.0000E+00,.0000E+00,.0000E+00,.0000E+00,.0000E+00,.0000E+00,.0000E+00,.0000E+00,.0000E+00,.0000E+00,0.0000E+00,.0000E+00
