O'Brien 31 Groups
#MeV,Bare,Bare Cd,2 inch,2 inch Cd,3 inch,3 inch Cd,5 inch,5 inch Cd,8 inch,10 inch,12 inch,15 inch,18 inch
.1000E-07,.0000E+00,.0000E+00,.0000E+00,.0000E+00,.0000E+00,.0000E+00,.0000E+00,.0000E+00,.0000E+00,.0000E+00,.0000E+00,0.0000E+00,.0000E+00
.4140E-06,.1036E+01,.1714E-04,.2127E+01,.1792E-04,.1953E+01,.1620E-04,.1079E+01,.8948E-05,.3105E+00,.1433E+00,.4632E-01,0.0000E+00,.0000E+00
.6826E-06,.9444E+00,.5825E+00,.2521E+01,.1378E+01,.2498E+01,.1352E+01,.1437E+01,.7671E+00,.4172E+00,.1965E+00,.6755E-01,0.0000E+00,.0000E+00
.1445E-05,.8293E+00,.7686E+00,.2558E+01,.2303E+01,.2717E+01,.2439E+01,.1625E+01,.1454E+01,.4863E+00,.2315E+00,.7091E-01,0.0000E+00,.0000E+00
.3059E-05,.6990E+00,.6926E+00,.2496E+01,.2448E+01,.2844E+01,.2784E+01,.1796E+01,.1756E+01,.5352E+00,.2559E+00,.7906E-01,0.0000E+00,.0000E+00
.6476E-05,.5687E+00,.5680E+00,.2335E+01,.2317E+01,.2875E+01,.2847E+01,.1929E+01,.1908E+01,.5817E+00,.2739E+00,.8909E-01,0.0000E+00,.0000E+00
.1371E-04,.4184E+00,.4183E+00,.2117E+01,.2106E+01,.2880E+01,.2859E+01,.2031E+01,.2014E+01,.6205E+00,.2902E+00,.1001E+00,0.0000E+00,.0000E+00
.2902E-04,.3081E+00,.3041E+00,.1926E+01,.1882E+01,.2819E+01,.2746E+01,.2130E+01,.2070E+01,.6695E+00,.3059E+00,.1072E+00,0.0000E+00,.0000E+00
.6144E-04,.1732E+00,.1701E+00,.1724E+01,.1674E+01,.2721E+01,.2630E+01,.2214E+01,.2133E+01,.7159E+00,.3333E+00,.1100E+00,0.0000E+00,.0000E+00
.1301E-03,.2523E-01,.2371E-01,.1539E+01,.1394E+01,.2616E+01,.2356E+01,.2287E+01,.2050E+01,.7572E+00,.3488E+00,.1193E+00,0.0000E+00,.0000E+00
.2754E-03,.0000E+00,.0000E+00,.1372E+01,.1339E+01,.2492E+01,.2421E+01,.2329E+01,.2254E+01,.8079E+00,.3753E+00,.1261E+00,0.0000E+00,.0000E+00
.5929E-03,.0000E+00,.0000E+00,.1181E+01,.1146E+01,.2337E+01,.2252E+01,.2360E+01,.2265E+01,.8319E+00,.3906E+00,.1300E+00,0.0000E+00,.0000E+00
.1234E-02,.0000E+00,.0000E+00,.1028E+01,.1016E+01,.2200E+01,.2157E+01,.2376E+01,.2318E+01,.8641E+00,.3895E+00,.1293E+00,0.0000E+00,.0000E+00
.2613E-02,.0000E+00,.0000E+00,.9064E+00,.9092E+00,.2084E+01,.2074E+01,.2398E+01,.2375E+01,.9164E+00,.4113E+00,.1442E+00,0.0000E+00,.0000E+00
.5531E-02,.0000E+00,.0000E+00,.7859E+00,.7896E+00,.1916E+01,.1907E+01,.2410E+01,.2387E+01,.9610E+00,.4510E+00,.1503E+00,0.0000E+00,.0000E+00
.1171E-01,.0000E+00,.0000E+00,.6749E+00,.6795E+00,.1803E+01,.1796E+01,.2419E+01,.2396E+01,.1005E+01,.4754E+00,.1674E+00,0.0000E+00,.0000E+00
.2479E-01,.0000E+00,.0000E+00,.5742E+00,.5798E+00,.1687E+01,.1684E+01,.2451E+01,.2431E+01,.1082E+01,.5162E+00,.1720E+00,0.0000E+00,.0000E+00
.5247E-01,.0000E+00,.0000E+00,.4741E+00,.4801E+00,.1536E+01,.1535E+01,.2468E+01,.2449E+01,.1175E+01,.5668E+00,.1987E+00,0.0000E+00,.0000E+00
.1111E+00,.0000E+00,.0000E+00,.3988E+00,.4053E+00,.1412E+01,.1414E+01,.2521E+01,.2504E+01,.1338E+01,.7089E+00,.2407E+00,0.0000E+00,.0000E+00
.2237E+00,.0000E+00,.0000E+00,.3129E+00,.3193E+00,.1245E+01,.1250E+01,.2596E+01,.2581E+01,.1603E+01,.9384E+00,.3186E+00,0.0000E+00,.0000E+00
.4508E+00,.0000E+00,.0000E+00,.2069E+00,.2121E+00,.1011E+01,.1019E+01,.2651E+01,.2643E+01,.1959E+01,.1421E+01,.4751E+00,0.0000E+00,.0000E+00
.9072E+00,.0000E+00,.0000E+00,.1230E+00,.1271E+00,.7615E+00,.7713E+00,.2492E+01,.2490E+01,.2418E+01,.1975E+01,.7904E+00,0.0000E+00,.0000E+00
.1872E+01,.0000E+00,.0000E+00,.6755E-01,.7079E-01,.4423E+00,.4518E+00,.2140E+01,.2146E+01,.2731E+01,.2400E+01,.1371E+01,0.0000E+00,.0000E+00
.3679E+01,.0000E+00,.0000E+00,.3567E-01,.3836E-01,.2683E+00,.2785E+00,.1460E+01,.1474E+01,.2599E+01,.2364E+01,.1921E+01,0.0000E+00,.0000E+00
.7408E+01,.0000E+00,.0000E+00,.1180E-01,.1309E-01,.1469E+00,.1558E+00,.8118E+00,.8281E+00,.2086E+01,.2104E+01,.2043E+01,0.0000E+00,.0000E+00
.1492E+02,.0000E+00,.0000E+00,.8673E-02,.1176E-01,.6085E-01,.7158E-01,.5088E+00,.5379E+00,.1302E+01,.1567E+01,.1665E+01,0.0000E+00,.0000E+00
.2581E+02,.0000E+00,.0000E+00,.0000E+00,.0000E+00,.2787E-01,.3279E-01,.2606E+00,.2755E+00,.8495E+00,.1128E+01,.1267E+01,0.0000E+00,.0000E+00
.4465E+02,.0000E+00,.0000E+00,.0000E+00,.0000E+00,.1265E-01,.1488E-01,.1494E+00,.1579E+00,.5462E+00,.7731E+00,.9285E+00,0.0000E+00,.0000E+00
.7725E+02,.0000E+00,.0000E+00,.0000E+00,.0000E+00,.5929E-03,.6975E-03,.6402E-01,.6768E-01,.2831E+00,.4187E+00,.5630E+00,0.0000E+00,.0000E+00
.1336E+03,.0000E+00,.0000E+00,.0000E+00,.0000E+00,.0000E+00,.0000E+00,.3884E-01,.4106E-01,.1402E+00,.2028E+00,.2462E+00,0.0000E+00,.0000E+00
.2312E+03,.0000E+00,.0000E+00,.0000E+00,.0000E+00,.0000E+00,.0000E+00,.0000E+00,.0000E+00,.0000E+00,.0000E+00,.0000E+00,0.0000E+00,.0000E+00
.4000E+03,.0000E+00,.0000E+00,.0000E+00,.0000E+00,.0000E+00,.0000E+00,.0000E+00,.0000E+00,.0000E+00,.0000E+00,.0000E+00,0.0000E+00,.0000E+00
