Modified SANNA 13mm x 13mm
#MeV,Bare,Bare Cd,2 inch,2 inch Cd,3 inch,3 inch Cd,5 inch,5 inch Cd,8 inch,10 inch,12 inch,15 inch,18 inch
.1000E-07,.0000E+00,.0000E+00,.0000E+00,.0000E+00,.0000E+00,.0000E+00,.0000E+00,.0000E+00,.0000E+00,.0000E+00,.0000E+00,0.0000E+00,.0000E+00
.4140E-06,.1862E+01,.9187E-01,.0000E+00,.0000E+00,.0000E+00,.2840E-01,.0000E+00,.1336E-01,.6919E-01,.3195E-01,.1250E-01,0.0000E+00,.0000E+00
.6826E-06,.1713E+01,.1300E+01,.0000E+00,.0000E+00,.0000E+00,.9430E+00,.0000E+00,.4380E+00,.1471E+00,.6745E-01,.2636E-01,0.0000E+00,.0000E+00
.1445E-05,.1603E+01,.1510E+01,.0000E+00,.0000E+00,.0000E+00,.1404E+01,.0000E+00,.6660E+00,.1804E+00,.8278E-01,.3226E-01,0.0000E+00,.0000E+00
.3059E-05,.1424E+01,.1353E+01,.0000E+00,.0000E+00,.0000E+00,.1661E+01,.0000E+00,.8140E+00,.2118E+00,.9713E-01,.3692E-01,0.0000E+00,.0000E+00
.6476E-05,.1210E+01,.1150E+01,.0000E+00,.0000E+00,.0000E+00,.1826E+01,.0000E+00,.9310E+00,.2386E+00,.1094E+00,.4262E-01,0.0000E+00,.0000E+00
.1371E-04,.9838E+00,.9346E+00,.0000E+00,.0000E+00,.0000E+00,.1906E+01,.0000E+00,.1017E+01,.2629E+00,.1205E+00,.4694E-01,0.0000E+00,.0000E+00
.2902E-04,.7684E+00,.7300E+00,.0000E+00,.0000E+00,.0000E+00,.1945E+01,.0000E+00,.1093E+01,.2854E+00,.1309E+00,.5099E-01,0.0000E+00,.0000E+00
.6144E-04,.5812E+00,.5521E+00,.0000E+00,.0000E+00,.0000E+00,.1952E+01,.0000E+00,.1116E+01,.3071E+00,.1409E+00,.5491E-01,0.0000E+00,.0000E+00
.1301E-03,.4293E+00,.4078E+00,.0000E+00,.0000E+00,.0000E+00,.1935E+01,.0000E+00,.1218E+01,.3283E+00,.1508E+00,.5877E-01,0.0000E+00,.0000E+00
.2754E-03,.3145E+00,.2988E+00,.0000E+00,.0000E+00,.0000E+00,.1897E+01,.0000E+00,.1271E+01,.3493E+00,.1607E+00,.6265E-01,0.0000E+00,.0000E+00
.5929E-03,.2275E+00,.2161E+00,.0000E+00,.0000E+00,.0000E+00,.1844E+01,.0000E+00,.1318E+01,.3705E+00,.1707E+00,.6660E-01,0.0000E+00,.0000E+00
.1234E-02,.1600E+00,.1520E+00,.0000E+00,.0000E+00,.0000E+00,.1779E+01,.0000E+00,.1357E+01,.3917E+00,.1809E+00,.7064E-01,0.0000E+00,.0000E+00
.2613E-02,.1125E+00,.1069E+00,.0000E+00,.0000E+00,.0000E+00,.1706E+01,.0000E+00,.1393E+01,.4136E+00,.1917E+00,.7491E-01,0.0000E+00,.0000E+00
.5531E-02,.7998E-01,.7598E-01,.0000E+00,.0000E+00,.0000E+00,.1629E+01,.0000E+00,.1425E+01,.4373E+00,.2035E+00,.7962E-01,0.0000E+00,.0000E+00
.1171E-01,.6047E-01,.5745E-01,.0000E+00,.0000E+00,.0000E+00,.1549E+01,.0000E+00,.1459E+01,.4647E+00,.2173E+00,.8518E-01,0.0000E+00,.0000E+00
.2479E-01,.4554E-01,.4326E-01,.0000E+00,.0000E+00,.0000E+00,.1469E+01,.0000E+00,.1502E+01,.5001E+00,.2355E+00,.9256E-01,0.0000E+00,.0000E+00
.5247E-01,.3472E-01,.3298E-01,.0000E+00,.0000E+00,.0000E+00,.1389E+01,.0000E+00,.1563E+01,.5524E+00,.2629E+00,.1038E+00,0.0000E+00,.0000E+00
.1111E+00,.2745E-01,.2608E-01,.0000E+00,.0000E+00,.0000E+00,.1300E+01,.0000E+00,.1657E+01,.6406E+00,.3111E+00,.1241E+00,0.0000E+00,.0000E+00
.2237E+00,.3681E-01,.3497E-01,.0000E+00,.0000E+00,.0000E+00,.1185E+01,.0000E+00,.1780E+01,.7919E+00,.4008E+00,.1642E+00,0.0000E+00,.0000E+00
.4508E+00,.5642E-01,.5360E-01,.0000E+00,.0000E+00,.0000E+00,.1022E+01,.0000E+00,.1884E+01,.1042E+01,.5747E+00,.2534E+00,0.0000E+00,.0000E+00
.9072E+00,.1421E-01,.1360E-01,.0000E+00,.0000E+00,.0000E+00,.7879E+00,.0000E+00,.1869E+01,.1390E+01,.8853E+00,.4541E+00,0.0000E+00,.0000E+00
.1872E+01,.8585E-02,.8156E-02,.0000E+00,.0000E+00,.0000E+00,.5557E+00,.0000E+00,.1750E+01,.1859E+01,.1431E+01,.9158E+00,0.0000E+00,.0000E+00
.3679E+01,.5721E-02,.5435E-02,.0000E+00,.0000E+00,.0000E+00,.3106E+00,.0000E+00,.1240E+01,.1787E+01,.1620E+01,.1256E+01,0.0000E+00,.0000E+00
.7408E+01,.3268E-02,.3105E-02,.0000E+00,.0000E+00,.0000E+00,.1566E+00,.0000E+00,.7743E+00,.1475E+01,.1548E+01,.1422E+01,0.0000E+00,.0000E+00
.1492E+02,.1559E-02,.1519E-02,.0000E+00,.0000E+00,.0000E+00,.6912E-01,.0000E+00,.4052E+00,.9627E+00,.1148E+01,.1180E+01,0.0000E+00,.0000E+00
.2581E+02,.7420E-03,.7050E-03,.0000E+00,.0000E+00,.0000E+00,.3322E-01,.0000E+00,.1947E+00,.4758E+00,.5755E+00,.6148E+00,0.0000E+00,.0000E+00
.4465E+02,.0000E+00,.0000E+00,.0000E+00,.0000E+00,.0000E+00,.0000E+00,.0000E+00,.0000E+00,.0000E+00,.0000E+00,.0000E+00,0.0000E+00,.0000E+00
.7725E+02,.0000E+00,.0000E+00,.0000E+00,.0000E+00,.0000E+00,.0000E+00,.0000E+00,.0000E+00,.0000E+00,.0000E+00,.0000E+00,0.0000E+00,.0000E+00
.1336E+03,.0000E+00,.0000E+00,.0000E+00,.0000E+00,.0000E+00,.0000E+00,.0000E+00,.0000E+00,.0000E+00,.0000E+00,.0000E+00,0.0000E+00,.0000E+00
.2312E+03,.0000E+00,.0000E+00,.0000E+00,.0000E+00,.0000E+00,.0000E+00,.0000E+00,.0000E+00,.0000E+00,.0000E+00,.0000E+00,0.0000E+00,.0000E+00
.4000E+03,.0000E+00,.0000E+00,.0000E+00,.0000E+00,.0000E+00,.0000E+00,.0000E+00,.0000E+00,.0000E+00,.0000E+00,.0000E+00,0.0000E+00,.0000E+00
