Sanna 13mm x 13mm
#MeV,Bare,Bare Cd,2 inch,2 inch Cd,3 inch,3 inch Cd,5 inch,5 inch Cd,8 inch,10 inch,12 inch,15 inch,18 inch
.1000E-07,.0000E+00,.0000E+00,.0000E+00,.0000E+00,.0000E+00,.0000E+00,.0000E+00,.0000E+00,.0000E+00,.0000E+00,.0000E+00,0.0000E+00,.0000E+00
.4140E-06,.1862E+01,.2194E-04,.7807E+00,.6545E-05,.5681E+00,.4862E-05,.2727E+00,.2339E-05,.7229E-01,.2739E-01,.9884E-02,0.0000E+00,.2511E-03
.6826E-06,.1713E+01,.1038E+01,.1633E+01,.8923E+00,.1238E+01,.6696E+00,.5886E+00,.3142E+00,.1537E+00,.5791E-01,.2084E-01,0.0000E+00,.5427E-03
.1445E-05,.1603E+01,.1481E+01,.1849E+01,.1665E+01,.1490E+01,.1338E+01,.7235E+00,.6472E+00,.1885E+00,.7091E-01,.2551E-01,0.0000E+00,.6763E-03
.3059E-05,.1424E+01,.1409E+01,.1967E+01,.1930E+01,.1691E+01,.1656E+01,.8481E+00,.8292E+00,.2213E+00,.8318E-01,.2992E-01,0.0000E+00,.8076E-03
.6476E-05,.1210E+01,.1207E+01,.1987E+01,.1971E+01,.1823E+01,.1805E+01,.9509E+00,.9399E+00,.2494E+00,.9371E-01,.3371E-01,0.0000E+00,.9254E-03
.1371E-04,.9839E+00,.9829E+00,.1942E+01,.1933E+01,.1903E+01,.1889E+01,.1039E+01,.1030E+01,.2747E+00,.1032E+00,.3713E-01,0.0000E+00,.1036E-02
.2902E-04,.7683E+00,.7573E+00,.1854E+01,.1813E+01,.1942E+01,.1892E+01,.1116E+01,.1084E+01,.2983E+00,.1121E+00,.4035E-01,0.0000E+00,.1144E-02
.6144E-04,.5812E+00,.5700E+00,.1740E+01,.1689E+01,.1950E+01,.1884E+01,.1183E+01,.1140E+01,.3210E+00,.1207E+00,.4346E-01,0.0000E+00,.1251E-02
.1301E-03,.4293E+00,.4026E+00,.1609E+01,.1459E+01,.1933E+01,.1741E+01,.1243E+01,.1114E+01,.3431E+00,.1291E+00,.4651E-01,0.0000E+00,.1360E-02
.2754E-03,.3145E+00,.3098E+00,.1472E+01,.1438E+01,.1896E+01,.1841E+01,.1296E+01,.1254E+01,.3650E+00,.1376E+00,.4959E-01,0.0000E+00,.1471E-02
.5929E-03,.2275E+00,.2245E+00,.1335E+01,.1297E+01,.1844E+01,.1779E+01,.1342E+01,.1288E+01,.3870E+00,.1463E+00,.5273E-01,0.0000E+00,.1587E-02
.1234E-02,.1600E+00,.1591E+00,.1200E+01,.1188E+01,.1779E+01,.1745E+01,.1381E+01,.1347E+01,.4091E+00,.1550E+00,.5594E-01,0.0000E+00,.1707E-02
.2613E-02,.1125E+00,.1120E+00,.1073E+01,.1079E+01,.1707E+01,.1699E+01,.1416E+01,.1402E+01,.4320E+00,.1643E+00,.5933E-01,0.0000E+00,.1835E-02
.5531E-02,.7998E-01,.7957E-01,.9531E+00,.9604E+00,.1630E+01,.1623E+01,.1448E+01,.1434E+01,.4566E+00,.1744E+00,.6307E-01,0.0000E+00,.1977E-02
.1171E-01,.6047E-01,.6025E-01,.8418E+00,.8508E+00,.1551E+01,.1546E+01,.1481E+01,.1468E+01,.4850E+00,.1864E+00,.6750E-01,0.0000E+00,.2146E-02
.2479E-01,.4554E-01,.4544E-01,.7375E+00,.7480E+00,.1471E+01,.1470E+01,.1523E+01,.1510E+01,.5217E+00,.2021E+00,.7337E-01,0.0000E+00,.2368E-02
.5247E-01,.3472E-01,.3468E-01,.6369E+00,.6480E+00,.1391E+01,.1391E+01,.1583E+01,.1571E+01,.5759E+00,.2259E+00,.8234E-01,0.0000E+00,.2707E-02
.1111E+00,.2745E-01,.2744E-01,.5339E+00,.5457E+00,.1302E+01,.1306E+01,.1676E+01,.1665E+01,.6670E+00,.2680E+00,.9854E-01,0.0000E+00,.3329E-02
.2237E+00,.3681E-01,.3674E-01,.4294E+00,.4402E+00,.1189E+01,.1196E+01,.1795E+01,.1785E+01,.8226E+00,.3473E+00,.1310E+00,0.0000E+00,.4659E-02
.4508E+00,.5642E-01,.5645E-01,.3284E+00,.3369E+00,.1025E+01,.1035E+01,.1893E+01,.1888E+01,.1077E+01,.5049E+00,.2050E+00,0.0000E+00,.8454E-02
.9072E+00,.1421E-01,.1432E-01,.2117E+00,.2192E+00,.7913E+00,.8030E+00,.1868E+01,.1867E+01,.1427E+01,.7974E+00,.3799E+00,0.0000E+00,.2414E-01
.1872E+01,.8585E-02,.8680E-02,.1255E+00,.1318E+00,.5586E+00,.5721E+00,.1740E+01,.1746E+01,.1890E+01,.1334E+01,.8067E+00,0.0000E+00,.1114E+00
.3679E+01,.5721E-02,.5871E-02,.6229E-01,.6685E-01,.3124E+00,.3257E+00,.1226E+01,.1239E+01,.1801E+01,.1553E+01,.1156E+01,0.0000E+00,.3118E+00
.7408E+01,.3268E-02,.3377E-02,.2859E-01,.3143E-01,.1576E+00,.1679E+00,.7621E+00,.7782E+00,.1475E+01,.1522E+01,.1360E+01,0.0000E+00,.6535E+00
.1492E+02,.1599E-02,.1753E-02,.1180E-01,.1531E-01,.6960E-01,.8258E-01,.3972E+00,.4209E+00,.9563E+00,.1133E+01,.1161E+01,0.0000E+00,.8462E+00
.2581E+02,.7421E-03,.8134E-03,.5717E-02,.7418E-02,.3345E-01,.3969E-01,.1908E+00,.2022E+00,.4721E+00,.5750E+00,.6089E+00,0.0000E+00,.4993E+00
.4465E+02,.3910E-03,.4286E-03,.3331E-02,.4322E-02,.1986E-01,.2356E-01,.1165E+00,.1234E+00,.3031E+00,.3829E+00,.4215E+00,0.0000E+00,.3927E+00
.7725E+02,.3324E-03,.3643E-03,.2298E-02,.2982E-02,.1346E-01,.1597E-01,.8063E-01,.8544E-01,.2187E+00,.2852E+00,.3250E+00,0.0000E+00,.3411E+00
.1336E+03,.4605E-03,.5047E-03,.1998E-02,.2592E-02,.1081E-01,.1283E-01,.6505E-01,.6893E-01,.1828E+00,.2452E+00,.2879E+00,0.0000E+00,.3340E+00
.2312E+03,.8074E-03,.8850E-03,.2085E-02,.2705E-02,.9639E-02,.1144E-01,.5818E-01,.6165E-01,.1705E+00,.2350E+00,.2833E+00,0.0000E+00,.3551E+00
.4000E+03,.1510E-02,.1655E-02,.2632E-02,.3415E-02,.9342E-02,.1108E-01,.5331E-01,.5649E-01,.1588E+00,.2223E+00,.2726E+00,0.0000E+00,.3599E+00
