Sanna 4mm x 4mm
#MeV,Bare,Bare Cd,2 inch,2 inch Cd,3 inch,3 inch Cd,5 inch,5 inch Cd,8 inch,10 inch,12 inch,15 inch,18 inch
.1000E-07,.0000E+00,.0000E+00,.0000E+00,.0000E+00,.0000E+00,.0000E+00,.0000E+00,.0000E+00,.0000E+00,.0000E+00,.3353E-41,0.0000E+00,.3819E-41
.4140E-06,.1685E+00,.2788E-05,.1285E+00,.1083E-05,.9752E-01,.8092E-06,.4754E-01,.3942E-06,.1265E-01,.4805E-02,.1733E-02,0.0000E+00,.4253E-04
.6826E-06,.1133E+00,.6986E-01,.2628E+00,.1437E+00,.2117E+00,.1146E+00,.1026E+00,.5477E-01,.2690E-01,.1016E-01,.3656E-02,0.0000E+00,.9221E-04
.1445E-05,.9478E-01,.8784E-01,.2893E+00,.2604E+00,.2529E+00,.2270E+00,.1261E+00,.1129E+00,.3300E-01,.1244E-01,.4476E-02,0.0000E+00,.1151E-03
.3059E-05,.7413E-01,.7345E-01,.2978E+00,.2921E+00,.2844E+00,.2784E+00,.1476E+00,.1443E+00,.3874E-01,.1459E-01,.5251E-02,0.0000E+00,.1378E-03
.6476E-05,.5632E-01,.5625E-01,.2908E+00,.2885E+00,.3030E+00,.3001E+00,.1653E+00,.1635E+00,.4365E-01,.1644E-01,.5917E-02,0.0000E+00,.1582E-03
.1371E-04,.4179E-01,.4178E-01,.2750E+00,.2736E+00,.3124E+00,.3101E+00,.1802E+00,.1787E+00,.4807E-01,.1811E-01,.6519E-02,0.0000E+00,.1775E-03
.2902E-04,.3029E-01,.2989E-01,.2545E+00,.2487E+00,.3149E+00,.3067E+00,.1931E+00,.1876E+00,.5220E-01,.1967E-01,.7085E-02,0.0000E+00,.1963E-03
.6144E-04,.2159E-01,.2121E-01,.2321E+00,.2253E+00,.3122E+00,.3017E+00,.2042E+00,.1967E+00,.5615E-01,.2118E-01,.7631E-02,0.0000E+00,.2150E-03
.1301E-03,.1524E-01,.1432E-01,.2093E+00,.1896E+00,.3056E+00,.2752E+00,.2138E+00,.1916E+00,.6000E-01,.2266E-01,.8170E-02,0.0000E+00,.2340E-03
.2754E-03,.1081E-01,.1064E-01,.1872E+00,.1827E+00,.2963E+00,.2878E+00,.2221E+00,.2150E+00,.6382E-01,.2414E-01,.8711E-02,0.0000E+00,.2536E-03
.5929E-03,.7645E-02,.7553E-02,.1663E+00,.1614E+00,.2849E+00,.2745E+00,.2292E+00,.2200E+00,.6763E-01,.2565E-01,.9263E-02,0.0000E+00,.2739E-03
.1234E-02,.5273E-02,.5244E-02,.1471E+00,.1454E+00,.2722E+00,.2669E+00,.2350E+00,.2292E+00,.7145E-01,.2719E-01,.9828E-02,0.0000E+00,.2950E-03
.2613E-02,.3658E-02,.3643E-02,.1295E+00,.1299E+00,.2586E+00,.2573E+00,.2399E+00,.2376E+00,.7539E-01,.2881E-01,.1042E-01,0.0000E+00,.3176E-03
.5531E-02,.2575E-02,.2563E-02,.1136E+00,.1141E+00,.2448E+00,.2437E+00,.2443E+00,.2420E+00,.7961E-01,.3058E-01,.1108E-01,0.0000E+00,.3427E-03
.1171E-01,.1935E-02,.1929E-02,.9916E-01,.9984E-01,.2309E+00,.2300E+00,.2487E+00,.2464E+00,.8448E-01,.3267E-01,.1186E-01,0.0000E+00,.3724E-03
.2479E-01,.1450E-02,.1448E-02,.8595E-01,.8679E-01,.2174E+00,.2170E+00,.2544E+00,.2523E+00,.9074E-01,.3541E-01,.1289E-01,0.0000E+00,.4116E-03
.5247E-01,.1102E-02,.1101E-02,.7345E-01,.7438E-01,.2039E+00,.2038E+00,.2629E+00,.2609E+00,.9996E-01,.3956E-01,.1447E-01,0.0000E+00,.4714E-03
.1111E+00,.8694E-03,.8689E-03,.6089E-01,.6188E-01,.1893E+00,.1896E+00,.2763E+00,.2744E+00,.1154E+00,.4684E-01,.1731E-01,0.0000E+00,.5812E-03
.2237E+00,.1175E-02,.1172E-02,.4811E-01,.4910E-01,.1712E+00,.1719E+00,.2933E+00,.2916E+00,.1414E+00,.6050E-01,.2297E-01,0.0000E+00,.8162E-03
.4508E+00,.1854E-02,.1850E-02,.3526E-01,.3615E-01,.1458E+00,.1470E+00,.3061E+00,.3052E+00,.1834E+00,.8727E-01,.3577E-01,0.0000E+00,.1487E-02
.9072E+00,.4449E-03,.4479E-03,.2252E-01,.2326E-01,.1117E+00,.1131E+00,.2993E+00,.2990E+00,.2400E+00,.1315E+00,.6554E-01,0.0000E+00,.4236E-02
.1872E+01,.2703E-03,.2731E-03,.1312E-01,.1375E-01,.7833E-01,.8001E-01,.2767E+00,.2774E+00,.3141E+00,.2246E+00,.1371E+00,0.0000E+00,.1927E-01
.3679E+01,.1790E-03,.1836E-03,.6327E-02,.6804E-02,.4351E-01,.4517E-01,.1942E+00,.1961E+00,.2972E+00,.2593E+00,.1944E+00,0.0000E+00,.5332E-01
.7408E+01,.1021E-03,.1056E-03,.2811E-02,.3118E-02,.2179E-01,.2311E-01,.1203E+00,.1227E+00,.2423E+00,.2527E+00,.2273E+00,0.0000E+00,.1109E+00
.1492E+02,.5006E-04,.5449E-04,.1124E-02,.1524E-02,.9562E-02,.1125E-01,.6260E-01,.6618E-01,.1568E+00,.1875E+00,.1934E+00,0.0000E+00,.1430E+00
.2581E+02,.4595E-04,.5000E-04,.5662E-03,.7675E-03,.4614E-02,.5428E-02,.3009E-01,.3181E-01,.7739E-01,.9516E-01,.1014E+00,0.0000E+00,.8430E-01
.4465E+02,.3001E-04,.3267E-04,.3362E-03,.4557E-03,.2741E-02,.3225E-02,.1837E-01,.1942E-01,.4967E-01,.6335E-01,.7015E-01,0.0000E+00,.6626E-01
.7725E+02,.1873E-04,.2039E-04,.2240E-03,.3036E-03,.1849E-02,.2175E-02,.1270E-01,.1343E-01,.3582E-01,.4716E-01,.5407E-01,0.0000E+00,.5751E-01
.1336E+03,.1219E-04,.1326E-04,.1734E-03,.2350E-03,.1458E-02,.1715E-02,.1022E-01,.1080E-01,.2991E-01,.4050E-01,.4785E-01,0.0000E+00,.5626E-01
.2312E+03,.7955E-05,.8657E-05,.1423E-03,.1929E-03,.1242E-02,.1461E-02,.9072E-02,.9591E-02,.2784E-01,.3875E-01,.4702E-01,0.0000E+00,.5975E-01
.4000E+03,.4698E-05,.5113E-05,.1227E-03,.1664E-03,.1099E-02,.1293E-02,.8189E-02,.8658E-02,.2579E-01,.3653E-01,.4510E-01,0.0000E+00,.6043E-01
