University of Texas at Austin - Hertel and Davidson 13mm x 13mm
#MeV,Bare,Bare Cd,2 inch,2 inch Cd,3 inch,3 inch Cd,5 inch,5 inch Cd,8 inch,10 inch,12 inch,15 inch,18 inch
.1000E-07,.0000E+00,.0000E+00,.0000E+00,.0000E+00,.0000E+00,.0000E+00,.0000E+00,.0000E+00,.0000E+00,.0000E+00,.0000E+00,0.0000E+00,.0000E+00
.4140E-06,.1559E+01,.1837E-04,.1330E+01,.1115E-04,.1064E+01,.9107E-05,.5466E+00,.4689E-05,.1533E+00,.6021E-01,.2272E-01,0.0000E+00,.1064E-02
.6826E-06,.1542E+01,.9340E+00,.1940E+01,.1060E+01,.1814E+01,.9811E+00,.9874E+00,.5271E+00,.2766E+00,.1083E+00,.4074E-01,0.0000E+00,.1900E-02
.1445E-05,.1481E+01,.1368E+01,.1948E+01,.1754E+01,.1945E+01,.1746E+01,.1100E+01,.9840E+00,.3097E+00,.1211E+00,.4556E-01,0.0000E+00,.2123E-02
.3059E-05,.1356E+01,.1342E+01,.1895E+01,.1859E+01,.2034E+01,.1992E+01,.1210E+01,.1183E+01,.3440E+00,.1345E+00,.5059E-01,0.0000E+00,.2355E-02
.6476E-05,.1180E+01,.1177E+01,.1791E+01,.1777E+01,.2068E+01,.2048E+01,.1301E+01,.1286E+01,.3745E+00,.1466E+00,.5510E-01,0.0000E+00,.2565E-02
.1371E-04,.9747E+00,.9737E+00,.1654E+01,.1646E+01,.2061E+01,.2046E+01,.1377E+01,.1365E+01,.4029E+00,.1579E+00,.5934E-01,0.0000E+00,.2761E-02
.2902E-04,.7686E+00,.7576E+00,.1496E+01,.1463E+01,.2023E+01,.1971E+01,.1441E+01,.1400E+01,.4301E+00,.1687E+00,.6344E-01,0.0000E+00,.2951E-02
.6144E-04,.5844E+00,.5731E+00,.1331E+01,.1292E+01,.1962E+01,.1896E+01,.1495E+01,.1441E+01,.4564E+00,.1794E+00,.6747E-01,0.0000E+00,.3138E-02
.1301E-03,.4323E+00,.4054E+00,.1168E+01,.1059E+01,.1883E+01,.1696E+01,.1540E+01,.1380E+01,.4822E+00,.1900E+00,.7149E-01,0.0000E+00,.3325E-02
.2754E-03,.3125E+00,.3078E+00,.1014E+01,.9905E+00,.1793E+01,.1741E+01,.1576E+01,.1525E+01,.5076E+00,.2007E+00,.7556E-01,0.0000E+00,.3515E-02
.5929E-03,.2214E+00,.2185E+00,.8702E+00,.8457E+00,.1693E+01,.1633E+01,.1604E+01,.1539E+01,.5334E+00,.2118E+00,.7980E-01,0.0000E+00,.3712E-02
.1234E-02,.1562E+00,.1553E+00,.7444E+00,.7371E+00,.1592E+01,.1562E+01,.1625E+01,.1585E+01,.5589E+00,.2229E+00,.8410E-01,0.0000E+00,.3912E-02
.2613E-02,.1097E+00,.1092E+00,.6336E+00,.6372E+00,.1491E+01,.1484E+01,.1640E+01,.1624E+01,.5849E+00,.2347E+00,.8864E-01,0.0000E+00,.4125E-02
.5531E-02,.7640E-01,.7601E-01,.5355E+00,.5396E+00,.1389E+01,.1383E+01,.1652E+01,.1636E+01,.6130E+00,.2476E+00,.9371E-01,0.0000E+00,.4362E-02
.1171E-01,.5323E-01,.5304E-01,.4493E+00,.4541E+00,.1290E+01,.1286E+01,.1664E+01,.1649E+01,.6455E+00,.2630E+00,.9974E-01,0.0000E+00,.4645E-02
.2479E-01,.3739E-01,.3731E-01,.3735E+00,.3788E+00,.1194E+01,.1193E+01,.1683E+01,.1669E+01,.6870E+00,.2829E+00,.1077E+00,0.0000E+00,.5019E-02
.5247E-01,.2634E-01,.2631E-01,.3044E+00,.3097E+00,.1099E+01,.1099E+01,.1717E+01,.1704E+01,.7488E+00,.3133E+00,.1199E+00,0.0000E+00,.5595E-02
.1111E+00,.2178E-01,.2177E-01,.2393E+00,.2446E+00,.9964E+00,.9991E+00,.1777E+01,.1765E+01,.8527E+00,.3668E+00,.1420E+00,0.0000E+00,.6652E-02
.2237E+00,.3987E-01,.3979E-01,.1869E+00,.1916E+00,.8774E+00,.8825E+00,.1852E+01,.1842E+01,.1027E+01,.4666E+00,.1859E+00,0.0000E+00,.8872E-02
.4508E+00,.5281E-01,.5284E-01,.1470E+00,.1508E+00,.7308E+00,.7378E+00,.1891E+01,.1886E+01,.1300E+01,.6568E+00,.2824E+00,0.0000E+00,.1485E-01
.9072E+00,.1060E-01,.1068E-01,.8044E-01,.8328E-01,.5344E+00,.5423E+00,.1801E+01,.1800E+01,.1648E+01,.9893E+00,.4979E+00,0.0000E+00,.3751E-01
.1872E+01,.8199E-02,.8290E-02,.4408E-01,.4628E-01,.3405E+00,.3487E+00,.1508E+01,.1513E+01,.1916E+01,.1427E+01,.8964E+00,0.0000E+00,.1344E+00
.3679E+01,.5961E-02,.6117E-02,.2280E-01,.2447E-01,.1882E+00,.1962E+00,.1057E+01,.1068E+01,.1801E+01,.1628E+01,.1250E+01,0.0000E+00,.3567E+00
.7408E+01,.3136E-02,.3241E-02,.1066E-01,.1172E-01,.9308E-01,.9916E-01,.6433E+00,.6569E+00,.1442E+01,.1560E+01,.1441E+01,0.0000E+00,.7485E+00
.1492E+02,.1915E-02,.2099E-02,.5012E-02,.6503E-02,.4070E-01,.4829E-01,.3219E+00,.3411E+00,.8874E+00,.1096E+01,.1158E+01,0.0000E+00,.9066E+00
.2581E+02,.8888E-03,.9739E-03,.2428E-02,.3151E-02,.1956E-01,.2321E-01,.1546E+00,.1639E+00,.4381E+00,.5562E+00,.6073E+00,0.0000E+00,.5349E+00
.4465E+02,.4683E-03,.5132E-03,.1415E-02,.1836E-02,.1161E-01,.1378E-01,.9441E-01,.1000E+00,.2813E+00,.3704E+00,.4204E+00,0.0000E+00,.4207E+00
.7725E+02,.3981E-03,.4362E-03,.9761E-03,.1267E-02,.7871E-02,.9339E-02,.6534E-01,.6924E-01,.2029E+00,.2759E+00,.3242E+00,0.0000E+00,.3654E+00
.1336E+03,.5515E-03,.6043E-03,.8486E-03,.1101E-02,.6321E-02,.7503E-02,.5272E-01,.5586E-01,.1696E+00,.2372E+00,.2872E+00,0.0000E+00,.3578E+00
.2312E+03,.9670E-03,.1060E-02,.8856E-03,.1149E-02,.5637E-02,.6690E-02,.4715E-01,.4996E-01,.1582E+00,.2273E+00,.2826E+00,0.0000E+00,.3804E+00
.4000E+03,.1808E-02,.1982E-02,.1118E-02,.1451E-02,.5463E-02,.6479E-02,.4320E-01,.4578E-01,.1474E+00,.2150E+00,.2719E+00,0.0000E+00,.3856E+00
