Hertel and Davidson - 13 mm x 13 mm - 171 groups													
#Energy	BARE	CD	2	2c	3	3c	5	5c	8	10	12	15	18
1.0000E-11	0.00E+00	0.00E+00	0.00E+00	0.00E+00	0.00E+00	0.00E+00	0.00E+00	0.00E+00	0.00E+00	0.00E+00	0.00E+00	0.00E+00	0.00E+00
1.0000E-07	1.55E+00	2.18E-05	1.12E+00	7.36E-06	8.12E-01	5.05E-06	4.00E-01	2.42E-06	1.12E-01	4.41E-02	1.67E-02	3.70E-03	7.83E-04
4.1399E-07	1.57E+00	3.43E-07	1.68E+00	3.96E-06	1.47E+00	3.63E-06	7.84E-01	2.00E-06	2.20E-01	8.63E-02	3.25E-02	7.19E-03	1.52E-03
5.3158E-07	1.55E+00	7.37E-01	1.93E+00	7.89E-01	1.78E+00	7.13E-01	9.62E-01	3.77E-01	2.69E-01	1.05E-01	3.97E-02	8.77E-03	1.85E-03
6.8256E-07	1.53E+00	1.13E+00	1.95E+00	1.33E+00	1.85E+00	1.25E+00	1.01E+00	6.77E-01	2.84E-01	1.11E-01	4.18E-02	9.23E-03	1.95E-03
8.7642E-07	1.51E+00	1.31E+00	1.95E+00	1.63E+00	1.90E+00	1.58E+00	1.06E+00	8.73E-01	2.97E-01	1.16E-01	4.37E-02	9.66E-03	2.04E-03
1.1254E-06	1.48E+00	1.39E+00	1.95E+00	1.78E+00	1.95E+00	1.77E+00	1.10E+00	9.98E-01	3.10E-01	1.21E-01	4.56E-02	1.01E-02	2.12E-03
1.4450E-06	1.45E+00	1.40E+00	1.94E+00	1.85E+00	1.98E+00	1.89E+00	1.14E+00	1.08E+00	3.22E-01	1.26E-01	4.73E-02	1.04E-02	2.20E-03
1.8554E-06	1.41E+00	1.38E+00	1.92E+00	1.87E+00	2.01E+00	1.95E+00	1.18E+00	1.14E+00	3.33E-01	1.30E-01	4.90E-02	1.08E-02	2.28E-03
2.3724E-06	1.36E+00	1.35E+00	1.90E+00	1.86E+00	2.04E+00	2.00E+00	1.21E+00	1.19E+00	3.44E-01	1.35E-01	5.06E-02	1.12E-02	2.36E-03
3.0590E-06	1.30E+00	1.30E+00	1.87E+00	1.84E+00	2.05E+00	2.02E+00	1.24E+00	1.22E+00	3.55E-01	1.39E-01	5.21E-02	1.15E-02	2.43E-03
3.9279E-06	1.25E+00	1.24E+00	1.83E+00	1.81E+00	2.06E+00	2.04E+00	1.27E+00	1.26E+00	3.65E-01	1.43E-01	5.37E-02	1.18E-02	2.50E-03
5.0435E-06	1.18E+00	1.18E+00	1.79E+00	1.78E+00	2.07E+00	2.05E+00	1.30E+00	1.29E+00	3.75E-01	1.47E-01	5.51E-02	1.22E-02	2.56E-03
6.4760E-06	1.11E+00	1.11E+00	1.75E+00	1.74E+00	2.07E+00	2.05E+00	1.33E+00	1.31E+00	3.84E-01	1.50E-01	5.65E-02	1.25E-02	2.63E-03
8.3153E-06	1.05E+00	1.04E+00	1.70E+00	1.69E+00	2.07E+00	2.05E+00	1.35E+00	1.34E+00	3.94E-01	1.54E-01	5.80E-02	1.28E-02	2.70E-03
1.0677E-05	9.75E-01	9.74E-01	1.65E+00	1.65E+00	2.06E+00	2.05E+00	1.38E+00	1.37E+00	4.03E-01	1.58E-01	5.94E-02	1.31E-02	2.76E-03
1.3710E-05	9.04E-01	9.03E-01	1.60E+00	1.60E+00	2.05E+00	2.04E+00	1.40E+00	1.39E+00	4.12E-01	1.62E-01	6.07E-02	1.34E-02	2.82E-03
1.7603E-05	8.36E-01	8.35E-01	1.55E+00	1.54E+00	2.04E+00	2.03E+00	1.42E+00	1.41E+00	4.21E-01	1.65E-01	6.21E-02	1.37E-02	2.89E-03
2.2603E-05	7.68E-01	7.65E-01	1.50E+00	1.48E+00	2.02E+00	2.00E+00	1.44E+00	1.42E+00	4.30E-01	1.69E-01	6.34E-02	1.40E-02	2.95E-03
2.9203E-05	7.02E-01	6.73E-01	1.44E+00	1.36E+00	2.01E+00	1.88E+00	1.46E+00	1.37E+00	4.39E-01	1.72E-01	6.48E-02	1.43E-02	3.01E-03
3.7267E-05	6.41E-01	6.40E-01	1.39E+00	1.38E+00	1.99E+00	1.97E+00	1.48E+00	1.47E+00	4.48E-01	1.76E-01	6.61E-02	1.46E-02	3.08E-03
4.7851E-05	5.83E-01	5.83E-01	1.33E+00	1.33E+00	1.96E+00	1.95E+00	1.50E+00	1.48E+00	4.56E-01	1.79E-01	6.75E-02	1.49E-02	3.14E-03
6.1442E-05	5.29E-01	4.96E-01	1.28E+00	1.17E+00	1.94E+00	1.76E+00	1.51E+00	1.37E+00	4.65E-01	1.83E-01	6.88E-02	1.52E-02	3.20E-03
7.8893E-05	4.78E-01	4.65E-01	1.22E+00	1.17E+00	1.91E+00	1.83E+00	1.53E+00	1.46E+00	4.74E-01	1.86E-01	7.01E-02	1.55E-02	3.26E-03
1.0130E-04	4.31E-01	3.88E-01	1.17E+00	9.89E-01	1.88E+00	1.58E+00	1.54E+00	1.29E+00	4.82E-01	1.90E-01	7.15E-02	1.58E-02	3.33E-03
1.3007E-04	3.87E-01	3.64E-01	1.11E+00	1.01E+00	1.85E+00	1.67E+00	1.55E+00	1.40E+00	4.91E-01	1.94E-01	7.28E-02	1.61E-02	3.39E-03
1.6702E-04	3.49E-01	3.42E-01	1.06E+00	1.04E+00	1.82E+00	1.77E+00	1.56E+00	1.51E+00	4.99E-01	1.97E-01	7.42E-02	1.64E-02	3.45E-03
2.1445E-04	3.11E-01	3.10E-01	1.01E+00	1.00E+00	1.79E+00	1.77E+00	1.58E+00	1.55E+00	5.08E-01	2.01E-01	7.56E-02	1.67E-02	3.51E-03
2.7536E-04	2.78E-01	2.71E-01	9.64E-01	9.31E-01	1.76E+00	1.69E+00	1.59E+00	1.51E+00	5.16E-01	2.04E-01	7.69E-02	1.70E-02	3.58E-03
3.5358E-04	2.48E-01	2.47E-01	9.17E-01	9.12E-01	1.73E+00	1.71E+00	1.60E+00	1.57E+00	5.25E-01	2.08E-01	7.83E-02	1.73E-02	3.64E-03
4.5400E-04	2.21E-01	2.15E-01	8.72E-01	8.05E-01	1.70E+00	1.55E+00	1.60E+00	1.46E+00	5.33E-01	2.12E-01	7.97E-02	1.76E-02	3.71E-03
5.8295E-04	1.97E-01	1.96E-01	8.28E-01	8.25E-01	1.66E+00	1.64E+00	1.61E+00	1.59E+00	5.42E-01	2.15E-01	8.11E-02	1.79E-02	3.77E-03
7.4852E-04	1.76E-01	1.74E-01	7.85E-01	7.76E-01	1.63E+00	1.60E+00	1.62E+00	1.58E+00	5.50E-01	2.19E-01	8.26E-02	1.82E-02	3.84E-03
9.6112E-04	1.56E-01	1.55E-01	7.45E-01	7.42E-01	1.59E+00	1.57E+00	1.62E+00	1.60E+00	5.59E-01	2.23E-01	8.40E-02	1.85E-02	3.91E-03
1.2341E-03	1.38E-01	1.38E-01	7.06E-01	6.96E-01	1.56E+00	1.52E+00	1.63E+00	1.58E+00	5.67E-01	2.27E-01	8.56E-02	1.89E-02	3.98E-03
1.5846E-03	1.23E-01	1.23E-01	6.69E-01	6.72E-01	1.52E+00	1.52E+00	1.64E+00	1.62E+00	5.76E-01	2.31E-01	8.71E-02	1.92E-02	4.05E-03
2.0347E-03	1.09E-01	1.09E-01	6.33E-01	6.36E-01	1.49E+00	1.48E+00	1.64E+00	1.62E+00	5.85E-01	2.35E-01	8.86E-02	1.96E-02	4.12E-03
2.2487E-03	1.00E-01	9.97E-02	6.09E-01	6.13E-01	1.47E+00	1.46E+00	1.64E+00	1.63E+00	5.91E-01	2.37E-01	8.97E-02	1.98E-02	4.18E-03
2.4852E-03	9.54E-02	9.48E-02	5.96E-01	5.99E-01	1.45E+00	1.45E+00	1.64E+00	1.63E+00	5.95E-01	2.39E-01	9.04E-02	1.99E-02	4.21E-03
2.6126E-03	9.22E-02	9.17E-02	5.86E-01	5.90E-01	1.44E+00	1.44E+00	1.65E+00	1.63E+00	5.97E-01	2.40E-01	9.09E-02	2.01E-02	4.23E-03
2.7465E-03	9.02E-02	8.97E-02	5.80E-01	5.83E-01	1.44E+00	1.43E+00	1.65E+00	1.63E+00	5.99E-01	2.41E-01	9.12E-02	2.01E-02	4.24E-03
3.0354E-03	8.69E-02	8.64E-02	5.70E-01	5.74E-01	1.43E+00	1.42E+00	1.65E+00	1.63E+00	6.02E-01	2.43E-01	9.17E-02	2.02E-02	4.27E-03
3.3546E-03	8.26E-02	8.21E-02	5.57E-01	5.61E-01	1.41E+00	1.41E+00	1.65E+00	1.63E+00	6.06E-01	2.44E-01	9.24E-02	2.04E-02	4.30E-03
3.7074E-03	7.89E-02	7.85E-02	5.44E-01	5.48E-01	1.40E+00	1.39E+00	1.65E+00	1.63E+00	6.10E-01	2.46E-01	9.31E-02	2.06E-02	4.33E-03
4.3074E-03	7.41E-02	7.37E-02	5.29E-01	5.33E-01	1.38E+00	1.38E+00	1.65E+00	1.64E+00	6.15E-01	2.48E-01	9.40E-02	2.08E-02	4.38E-03
5.5308E-03	6.74E-02	6.70E-02	5.05E-01	5.09E-01	1.36E+00	1.35E+00	1.66E+00	1.64E+00	6.23E-01	2.52E-01	9.56E-02	2.11E-02	4.45E-03
7.1017E-03	5.97E-02	5.95E-02	4.76E-01	4.81E-01	1.32E+00	1.32E+00	1.66E+00	1.64E+00	6.34E-01	2.57E-01	9.75E-02	2.15E-02	4.54E-03
9.1188E-03	5.30E-02	5.28E-02	4.49E-01	4.54E-01	1.29E+00	1.29E+00	1.66E+00	1.65E+00	6.45E-01	2.63E-01	9.97E-02	2.20E-02	4.64E-03
1.1709E-02	4.70E-02	4.68E-02	4.23E-01	4.28E-01	1.26E+00	1.25E+00	1.67E+00	1.65E+00	6.57E-01	2.69E-01	1.02E-01	2.25E-02	4.75E-03
1.5034E-02	4.17E-02	4.16E-02	3.98E-01	4.03E-01	1.23E+00	1.22E+00	1.67E+00	1.66E+00	6.71E-01	2.75E-01	1.05E-01	2.31E-02	4.87E-03
1.9305E-02	3.72E-02	3.72E-02	3.73E-01	3.78E-01	1.19E+00	1.19E+00	1.68E+00	1.67E+00	6.86E-01	2.83E-01	1.08E-01	2.38E-02	5.01E-03
2.1875E-02	3.41E-02	3.41E-02	3.56E-01	3.61E-01	1.17E+00	1.17E+00	1.69E+00	1.67E+00	6.99E-01	2.89E-01	1.10E-01	2.43E-02	5.13E-03
2.3579E-02	3.26E-02	3.26E-02	3.46E-01	3.52E-01	1.16E+00	1.16E+00	1.69E+00	1.68E+00	7.06E-01	2.92E-01	1.11E-01	2.46E-02	5.19E-03
2.4176E-02	3.19E-02	3.18E-02	3.42E-01	3.47E-01	1.15E+00	1.15E+00	1.69E+00	1.68E+00	7.10E-01	2.94E-01	1.12E-01	2.48E-02	5.23E-03
2.4788E-02	3.15E-02	3.14E-02	3.40E-01	3.45E-01	1.15E+00	1.15E+00	1.70E+00	1.68E+00	7.12E-01	2.95E-01	1.13E-01	2.49E-02	5.25E-03
2.6058E-02	3.10E-02	3.09E-02	3.36E-01	3.41E-01	1.14E+00	1.14E+00	1.70E+00	1.68E+00	7.15E-01	2.97E-01	1.13E-01	2.50E-02	5.28E-03
2.7000E-02	3.04E-02	3.04E-02	3.32E-01	3.38E-01	1.14E+00	1.14E+00	1.70E+00	1.69E+00	7.19E-01	2.98E-01	1.14E-01	2.52E-02	5.31E-03
2.8500E-02	2.99E-02	2.98E-02	3.28E-01	3.33E-01	1.13E+00	1.13E+00	1.70E+00	1.69E+00	7.22E-01	3.00E-01	1.15E-01	2.53E-02	5.34E-03
3.1828E-02	2.88E-02	2.87E-02	3.20E-01	3.26E-01	1.12E+00	1.12E+00	1.71E+00	1.69E+00	7.30E-01	3.04E-01	1.16E-01	2.57E-02	5.41E-03
3.4307E-02	2.49E-02	2.48E-02	3.12E-01	3.17E-01	1.11E+00	1.11E+00	1.71E+00	1.70E+00	7.38E-01	3.08E-01	1.18E-01	2.61E-02	5.49E-03
4.0868E-02	2.39E-02	2.39E-02	3.00E-01	3.06E-01	1.09E+00	1.09E+00	1.72E+00	1.71E+00	7.51E-01	3.14E-01	1.20E-01	2.66E-02	5.62E-03
4.6309E-02	2.61E-02	2.61E-02	2.88E-01	2.93E-01	1.07E+00	1.08E+00	1.73E+00	1.72E+00	7.68E-01	3.23E-01	1.24E-01	2.74E-02	5.77E-03
5.2475E-02	2.42E-02	2.42E-02	2.77E-01	2.82E-01	1.06E+00	1.06E+00	1.74E+00	1.72E+00	7.83E-01	3.30E-01	1.27E-01	2.81E-02	5.92E-03
5.6562E-02	2.33E-02	2.33E-02	2.68E-01	2.74E-01	1.05E+00	1.05E+00	1.75E+00	1.73E+00	7.96E-01	3.37E-01	1.30E-01	2.87E-02	6.05E-03
6.7379E-02	2.25E-02	2.25E-02	2.57E-01	2.62E-01	1.03E+00	1.03E+00	1.76E+00	1.74E+00	8.15E-01	3.47E-01	1.34E-01	2.96E-02	6.24E-03
7.2000E-02	2.19E-02	2.19E-02	2.47E-01	2.52E-01	1.01E+00	1.01E+00	1.77E+00	1.75E+00	8.33E-01	3.56E-01	1.38E-01	3.05E-02	6.43E-03
7.9500E-02	2.16E-02	2.16E-02	2.40E-01	2.45E-01	9.99E-01	1.00E+00	1.78E+00	1.76E+00	8.48E-01	3.64E-01	1.41E-01	3.13E-02	6.59E-03
8.2500E-02	2.07E-02	2.07E-02	2.34E-01	2.39E-01	9.89E-01	9.92E-01	1.78E+00	1.77E+00	8.60E-01	3.70E-01	1.43E-01	3.19E-02	6.72E-03
8.6517E-02	1.89E-02	1.89E-02	2.30E-01	2.35E-01	9.82E-01	9.86E-01	1.79E+00	1.77E+00	8.68E-01	3.75E-01	1.45E-01	3.23E-02	6.81E-03
9.8037E-02	2.04E-02	2.04E-02	2.23E-01	2.28E-01	9.69E-01	9.72E-01	1.80E+00	1.78E+00	8.86E-01	3.84E-01	1.49E-01	3.32E-02	7.01E-03
1.1109E-01	2.27E-02	2.26E-02	2.13E-01	2.19E-01	9.49E-01	9.53E-01	1.81E+00	1.80E+00	9.13E-01	3.99E-01	1.56E-01	3.47E-02	7.32E-03
1.1679E-01	2.31E-02	2.31E-02	2.06E-01	2.11E-01	9.35E-01	9.39E-01	1.82E+00	1.81E+00	9.33E-01	4.10E-01	1.61E-01	3.58E-02	7.56E-03
1.2277E-01	2.30E-02	2.30E-02	2.02E-01	2.07E-01	9.27E-01	9.31E-01	1.82E+00	1.81E+00	9.46E-01	4.18E-01	1.64E-01	3.66E-02	7.71E-03
1.2907E-01	2.46E-02	2.46E-02	1.99E-01	2.04E-01	9.18E-01	9.22E-01	1.83E+00	1.82E+00	9.58E-01	4.25E-01	1.67E-01	3.73E-02	7.87E-03
1.3569E-01	2.57E-02	2.56E-02	1.95E-01	2.00E-01	9.09E-01	9.14E-01	1.83E+00	1.82E+00	9.72E-01	4.33E-01	1.70E-01	3.81E-02	8.05E-03
1.4264E-01	2.60E-02	2.60E-02	1.91E-01	1.96E-01	9.00E-01	9.05E-01	1.84E+00	1.83E+00	9.86E-01	4.41E-01	1.74E-01	3.90E-02	8.23E-03
1.4996E-01	2.63E-02	2.62E-02	1.87E-01	1.92E-01	8.91E-01	8.96E-01	1.84E+00	1.83E+00	1.00E+00	4.49E-01	1.78E-01	3.99E-02	8.42E-03
1.5764E-01	2.95E-02	2.94E-02	1.84E-01	1.89E-01	8.82E-01	8.87E-01	1.85E+00	1.84E+00	1.01E+00	4.58E-01	1.82E-01	4.09E-02	8.63E-03
1.6573E-01	3.26E-02	3.26E-02	1.82E-01	1.86E-01	8.73E-01	8.78E-01	1.86E+00	1.85E+00	1.03E+00	4.68E-01	1.86E-01	4.19E-02	8.86E-03
1.7422E-01	3.85E-02	3.84E-02	1.80E-01	1.84E-01	8.64E-01	8.69E-01	1.86E+00	1.85E+00	1.05E+00	4.77E-01	1.91E-01	4.30E-02	9.10E-03
1.8316E-01	4.41E-02	4.41E-02	1.78E-01	1.83E-01	8.55E-01	8.60E-01	1.87E+00	1.86E+00	1.06E+00	4.88E-01	1.95E-01	4.42E-02	9.36E-03
1.9255E-01	5.15E-02	5.14E-02	1.77E-01	1.82E-01	8.46E-01	8.51E-01	1.87E+00	1.86E+00	1.08E+00	4.99E-01	2.01E-01	4.55E-02	9.63E-03
2.0242E-01	6.01E-02	6.00E-02	1.77E-01	1.82E-01	8.37E-01	8.42E-01	1.87E+00	1.87E+00	1.10E+00	5.10E-01	2.06E-01	4.69E-02	9.93E-03
2.1280E-01	6.95E-02	6.94E-02	1.78E-01	1.82E-01	8.28E-01	8.33E-01	1.88E+00	1.87E+00	1.12E+00	5.22E-01	2.12E-01	4.83E-02	1.02E-02
2.2371E-01	8.36E-02	8.34E-02	1.80E-01	1.84E-01	8.19E-01	8.25E-01	1.88E+00	1.87E+00	1.14E+00	5.35E-01	2.18E-01	4.99E-02	1.06E-02
2.3518E-01	9.62E-02	9.61E-02	1.83E-01	1.87E-01	8.11E-01	8.17E-01	1.89E+00	1.88E+00	1.16E+00	5.48E-01	2.24E-01	5.16E-02	1.10E-02
2.4724E-01	1.02E-01	1.02E-01	1.83E-01	1.87E-01	8.02E-01	8.08E-01	1.89E+00	1.88E+00	1.18E+00	5.62E-01	2.31E-01	5.34E-02	1.14E-02
2.7324E-01	9.16E-02	9.16E-02	1.76E-01	1.80E-01	7.85E-01	7.91E-01	1.89E+00	1.89E+00	1.21E+00	5.84E-01	2.42E-01	5.64E-02	1.20E-02
2.8725E-01	7.16E-02	7.18E-02	1.65E-01	1.69E-01	7.66E-01	7.73E-01	1.90E+00	1.89E+00	1.24E+00	6.07E-01	2.54E-01	5.97E-02	1.28E-02
2.9452E-01	6.24E-02	6.25E-02	1.59E-01	1.63E-01	7.57E-01	7.64E-01	1.90E+00	1.89E+00	1.26E+00	6.19E-01	2.61E-01	6.15E-02	1.32E-02
2.9720E-01	5.83E-02	5.84E-02	1.56E-01	1.60E-01	7.52E-01	7.59E-01	1.90E+00	1.89E+00	1.26E+00	6.25E-01	2.64E-01	6.23E-02	1.34E-02
2.9850E-01	5.67E-02	5.69E-02	1.55E-01	1.59E-01	7.50E-01	7.57E-01	1.90E+00	1.89E+00	1.27E+00	6.27E-01	2.65E-01	6.27E-02	1.35E-02
3.0197E-01	5.49E-02	5.50E-02	1.54E-01	1.58E-01	7.48E-01	7.55E-01	1.90E+00	1.89E+00	1.27E+00	6.30E-01	2.67E-01	6.31E-02	1.36E-02
3.3373E-01	4.40E-02	4.41E-02	1.45E-01	1.49E-01	7.33E-01	7.40E-01	1.90E+00	1.89E+00	1.30E+00	6.50E-01	2.78E-01	6.63E-02	1.43E-02
3.6883E-01	2.99E-02	3.00E-02	1.32E-01	1.36E-01	7.05E-01	7.13E-01	1.89E+00	1.89E+00	1.34E+00	6.88E-01	2.99E-01	7.25E-02	1.58E-02
3.8774E-01	2.39E-02	2.39E-02	1.24E-01	1.27E-01	6.85E-01	6.92E-01	1.89E+00	1.89E+00	1.38E+00	7.19E-01	3.16E-01	7.78E-02	1.71E-02
4.0762E-01	2.06E-02	2.07E-02	1.18E-01	1.22E-01	6.71E-01	6.78E-01	1.89E+00	1.88E+00	1.41E+00	7.40E-01	3.29E-01	8.18E-02	1.81E-02
4.5049E-01	1.75E-02	1.75E-02	1.11E-01	1.14E-01	6.49E-01	6.57E-01	1.88E+00	1.88E+00	1.44E+00	7.74E-01	3.49E-01	8.86E-02	1.99E-02
4.9787E-01	1.44E-02	1.45E-02	1.02E-01	1.05E-01	6.21E-01	6.29E-01	1.87E+00	1.87E+00	1.50E+00	8.22E-01	3.79E-01	9.87E-02	2.26E-02
5.2340E-01	1.28E-02	1.29E-02	9.59E-02	9.90E-02	5.99E-01	6.07E-01	1.86E+00	1.86E+00	1.53E+00	8.59E-01	4.03E-01	1.07E-01	2.49E-02
5.5023E-01	1.20E-02	1.21E-02	9.20E-02	9.50E-02	5.85E-01	5.93E-01	1.85E+00	1.85E+00	1.56E+00	8.86E-01	4.21E-01	1.14E-01	2.67E-02
5.7844E-01	1.13E-02	1.14E-02	8.82E-02	9.12E-02	5.71E-01	5.78E-01	1.84E+00	1.84E+00	1.59E+00	9.13E-01	4.39E-01	1.21E-01	2.88E-02
6.0810E-01	1.07E-02	1.08E-02	8.46E-02	8.75E-02	5.56E-01	5.64E-01	1.83E+00	1.83E+00	1.61E+00	9.41E-01	4.59E-01	1.28E-01	3.11E-02
6.3928E-01	1.02E-02	1.02E-02	8.11E-02	8.39E-02	5.41E-01	5.49E-01	1.82E+00	1.81E+00	1.64E+00	9.69E-01	4.79E-01	1.36E-01	3.36E-02
6.7206E-01	9.76E-03	9.80E-03	7.78E-02	8.06E-02	5.27E-01	5.35E-01	1.80E+00	1.80E+00	1.66E+00	9.98E-01	5.00E-01	1.45E-01	3.64E-02
7.0651E-01	9.43E-03	9.46E-03	7.45E-02	7.73E-02	5.13E-01	5.21E-01	1.79E+00	1.79E+00	1.69E+00	1.03E+00	5.23E-01	1.55E-01	3.96E-02
7.4274E-01	9.14E-03	9.17E-03	7.14E-02	7.41E-02	4.98E-01	5.06E-01	1.77E+00	1.77E+00	1.71E+00	1.06E+00	5.46E-01	1.66E-01	4.31E-02
7.8082E-01	8.88E-03	8.93E-03	6.85E-02	7.11E-02	4.84E-01	4.92E-01	1.76E+00	1.76E+00	1.74E+00	1.09E+00	5.71E-01	1.77E-01	4.69E-02
8.2085E-01	8.62E-03	8.73E-03	6.56E-02	6.81E-02	4.70E-01	4.78E-01	1.74E+00	1.74E+00	1.76E+00	1.12E+00	5.97E-01	1.89E-01	5.13E-02
8.6294E-01	8.48E-03	8.68E-03	6.28E-02	6.53E-02	4.55E-01	4.63E-01	1.72E+00	1.72E+00	1.78E+00	1.15E+00	6.23E-01	2.02E-01	5.61E-02
9.0718E-01	8.33E-03	8.51E-03	6.02E-02	6.26E-02	4.41E-01	4.49E-01	1.70E+00	1.70E+00	1.80E+00	1.19E+00	6.51E-01	2.16E-01	6.14E-02
9.6164E-01	8.18E-03	8.28E-03	5.74E-02	5.97E-02	4.26E-01	4.34E-01	1.68E+00	1.68E+00	1.83E+00	1.22E+00	6.82E-01	2.33E-01	6.79E-02
1.0026E+00	8.06E-03	8.13E-03	5.50E-02	5.72E-02	4.12E-01	4.20E-01	1.66E+00	1.66E+00	1.85E+00	1.25E+00	7.11E-01	2.48E-01	7.43E-02
1.1080E+00	8.01E-03	8.05E-03	5.18E-02	5.38E-02	3.93E-01	4.01E-01	1.62E+00	1.63E+00	1.87E+00	1.30E+00	7.55E-01	2.74E-01	8.51E-02
1.1648E+00	8.15E-03	8.17E-03	4.88E-02	5.08E-02	3.74E-01	3.82E-01	1.59E+00	1.59E+00	1.90E+00	1.35E+00	8.02E-01	3.02E-01	9.74E-02
1.2246E+00	8.13E-03	8.14E-03	4.68E-02	4.87E-02	3.61E-01	3.68E-01	1.56E+00	1.57E+00	1.91E+00	1.38E+00	8.35E-01	3.22E-01	1.07E-01
1.2873E+00	8.23E-03	8.24E-03	4.49E-02	4.67E-02	3.48E-01	3.56E-01	1.54E+00	1.54E+00	1.92E+00	1.41E+00	8.68E-01	3.44E-01	1.17E-01
1.3534E+00	8.37E-03	8.38E-03	4.31E-02	4.49E-02	3.36E-01	3.43E-01	1.51E+00	1.51E+00	1.93E+00	1.44E+00	9.01E-01	3.67E-01	1.29E-01
1.4227E+00	8.24E-03	8.28E-03	4.13E-02	4.30E-02	3.23E-01	3.31E-01	1.48E+00	1.49E+00	1.94E+00	1.47E+00	9.35E-01	3.91E-01	1.41E-01
1.4957E+00	8.18E-03	8.28E-03	3.95E-02	4.13E-02	3.11E-01	3.19E-01	1.45E+00	1.46E+00	1.95E+00	1.50E+00	9.69E-01	4.16E-01	1.54E-01
1.5724E+00	8.23E-03	8.43E-03	3.79E-02	4.13E-02	2.99E-01	3.10E-01	1.42E+00	1.43E+00	1.95E+00	1.53E+00	1.00E+00	4.42E-01	1.69E-01
1.6530E+00	8.33E-03	8.44E-03	3.64E-02	3.92E-02	2.88E-01	2.98E-01	1.39E+00	1.40E+00	1.96E+00	1.55E+00	1.04E+00	4.70E-01	1.85E-01
1.7377E+00	8.39E-03	8.54E-03	3.49E-02	3.74E-02	2.76E-01	2.86E-01	1.36E+00	1.37E+00	1.96E+00	1.58E+00	1.07E+00	4.98E-01	2.01E-01
1.8268E+00	8.30E-03	8.58E-03	3.34E-02	3.57E-02	2.65E-01	2.74E-01	1.33E+00	1.34E+00	1.96E+00	1.60E+00	1.11E+00	5.27E-01	2.19E-01
1.9205E+00	8.10E-03	8.38E-03	3.18E-02	3.41E-02	2.54E-01	2.63E-01	1.30E+00	1.30E+00	1.95E+00	1.62E+00	1.14E+00	5.58E-01	2.38E-01
2.0190E+00	7.82E-03	8.06E-03	3.03E-02	3.24E-02	2.43E-01	2.52E-01	1.26E+00	1.27E+00	1.95E+00	1.64E+00	1.17E+00	5.88E-01	2.58E-01
2.1225E+00	7.52E-03	7.72E-03	2.88E-02	3.08E-02	2.31E-01	2.40E-01	1.21E+00	1.22E+00	1.88E+00	1.60E+00	1.15E+00	5.81E-01	2.58E-01
2.2313E+00	7.18E-03	7.36E-03	2.73E-02	2.92E-02	2.22E-01	2.31E-01	1.19E+00	1.20E+00	1.92E+00	1.66E+00	1.22E+00	6.42E-01	2.96E-01
2.3069E+00	6.89E-03	7.06E-03	2.62E-02	2.80E-02	2.14E-01	2.22E-01	1.16E+00	1.18E+00	1.91E+00	1.67E+00	1.24E+00	6.68E-01	3.15E-01
2.3457E+00	6.72E-03	6.88E-03	2.55E-02	2.73E-02	2.09E-01	2.17E-01	1.15E+00	1.16E+00	1.90E+00	1.68E+00	1.26E+00	6.83E-01	3.27E-01
2.3653E+00	6.61E-03	6.77E-03	2.52E-02	2.70E-02	2.06E-01	2.15E-01	1.14E+00	1.15E+00	1.89E+00	1.68E+00	1.26E+00	6.91E-01	3.32E-01
2.3852E+00	6.53E-03	6.69E-03	2.50E-02	2.67E-02	2.05E-01	2.13E-01	1.13E+00	1.14E+00	1.89E+00	1.68E+00	1.27E+00	6.96E-01	3.36E-01
2.4660E+00	6.37E-03	6.52E-03	2.44E-02	2.61E-02	2.01E-01	2.09E-01	1.12E+00	1.13E+00	1.88E+00	1.68E+00	1.28E+00	7.06E-01	3.44E-01
2.5924E+00	6.25E-03	6.40E-03	2.34E-02	2.51E-02	1.93E-01	2.01E-01	1.09E+00	1.10E+00	1.86E+00	1.68E+00	1.29E+00	7.26E-01	3.61E-01
2.7253E+00	5.84E-03	5.97E-03	2.21E-02	2.37E-02	1.84E-01	1.91E-01	1.05E+00	1.06E+00	1.82E+00	1.67E+00	1.29E+00	7.41E-01	3.76E-01
2.8650E+00	5.31E-03	5.45E-03	2.07E-02	2.23E-02	1.74E-01	1.82E-01	1.01E+00	1.02E+00	1.77E+00	1.63E+00	1.27E+00	7.36E-01	3.78E-01
3.0119E+00	5.00E-03	5.13E-03	1.96E-02	2.11E-02	1.66E-01	1.73E-01	9.66E-01	9.78E-01	1.71E+00	1.58E+00	1.24E+00	7.25E-01	3.75E-01
3.1664E+00	4.86E-03	4.98E-03	1.86E-02	2.01E-02	1.59E-01	1.66E-01	9.52E-01	9.64E-01	1.76E+00	1.68E+00	1.36E+00	8.30E-01	4.51E-01
3.3287E+00	4.64E-03	4.76E-03	1.77E-02	1.91E-02	1.50E-01	1.57E-01	9.04E-01	9.16E-01	1.67E+00	1.59E+00	1.29E+00	7.88E-01	4.28E-01
3.6788E+00	4.36E-03	4.47E-03	1.63E-02	1.76E-02	1.39E-01	1.46E-01	8.50E-01	8.63E-01	1.60E+00	1.54E+00	1.25E+00	7.79E-01	4.29E-01
4.0657E+00	3.84E-03	3.96E-03	1.44E-02	1.57E-02	1.25E-01	1.32E-01	8.00E-01	8.12E-01	1.59E+00	1.57E+00	1.33E+00	8.65E-01	5.01E-01
4.4933E+00	3.50E-03	3.61E-03	1.28E-02	1.40E-02	1.12E-01	1.19E-01	7.47E-01	7.60E-01	1.57E+00	1.62E+00	1.42E+00	9.85E-01	6.07E-01
4.7237E+00	3.27E-03	3.38E-03	1.16E-02	1.28E-02	1.03E-01	1.09E-01	7.04E-01	7.17E-01	1.55E+00	1.65E+00	1.49E+00	1.08E+00	6.99E-01
4.9659E+00	3.22E-03	3.33E-03	1.12E-02	1.23E-02	9.78E-02	1.04E-01	6.75E-01	6.88E-01	1.51E+00	1.63E+00	1.49E+00	1.11E+00	7.38E-01
5.2205E+00	3.18E-03	3.29E-03	1.08E-02	1.19E-02	9.41E-02	1.00E-01	6.52E-01	6.66E-01	1.48E+00	1.61E+00	1.49E+00	1.14E+00	7.73E-01
5.4881E+00	3.09E-03	3.19E-03	1.04E-02	1.15E-02	9.12E-02	9.73E-02	6.36E-01	6.50E-01	1.45E+00	1.59E+00	1.49E+00	1.15E+00	7.92E-01
5.7695E+00	2.95E-03	3.05E-03	9.68E-03	1.07E-02	8.53E-02	9.13E-02	6.07E-01	6.21E-01	1.41E+00	1.57E+00	1.48E+00	1.16E+00	8.19E-01
6.0653E+00	2.86E-03	2.96E-03	9.19E-03	1.02E-02	8.12E-02	8.70E-02	5.85E-01	5.99E-01	1.38E+00	1.54E+00	1.47E+00	1.17E+00	8.33E-01
6.3763E+00	2.80E-03	2.90E-03	8.80E-03	9.76E-03	7.74E-02	8.31E-02	5.62E-01	5.76E-01	1.33E+00	1.48E+00	1.41E+00	1.12E+00	7.97E-01
6.5924E+00	2.69E-03	2.78E-03	8.30E-03	9.24E-03	7.26E-02	7.82E-02	5.39E-01	5.53E-01	1.32E+00	1.51E+00	1.48E+00	1.22E+00	9.03E-01
6.7032E+00	2.68E-03	2.78E-03	7.99E-03	8.91E-03	6.88E-02	7.43E-02	5.14E-01	5.28E-01	1.28E+00	1.48E+00	1.46E+00	1.23E+00	9.25E-01
7.0469E+00	2.63E-03	2.73E-03	7.64E-03	8.54E-03	6.52E-02	7.06E-02	4.92E-01	5.06E-01	1.24E+00	1.45E+00	1.45E+00	1.23E+00	9.44E-01
7.4082E+00	2.55E-03	2.64E-03	7.28E-03	8.16E-03	6.16E-02	6.69E-02	4.69E-01	4.83E-01	1.21E+00	1.42E+00	1.43E+00	1.23E+00	9.58E-01
7.7880E+00	2.44E-03	2.53E-03	6.93E-03	7.79E-03	5.88E-02	6.40E-02	4.46E-01	4.60E-01	1.13E+00	1.31E+00	1.30E+00	1.09E+00	8.31E-01
8.1873E+00	2.35E-03	2.44E-03	6.53E-03	7.36E-03	5.50E-02	6.01E-02	4.23E-01	4.37E-01	1.09E+00	1.29E+00	1.29E+00	1.10E+00	8.50E-01
8.6071E+00	2.29E-03	2.38E-03	6.12E-03	6.95E-03	5.05E-02	5.56E-02	3.96E-01	4.10E-01	1.06E+00	1.28E+00	1.32E+00	1.18E+00	9.51E-01
9.0484E+00	2.19E-03	2.28E-03	5.73E-03	6.57E-03	4.67E-02	5.18E-02	3.67E-01	3.82E-01	9.98E-01	1.22E+00	1.27E+00	1.15E+00	9.36E-01
9.5123E+00	2.10E-03	2.20E-03	5.39E-03	6.25E-03	4.35E-02	4.86E-02	3.41E-01	3.56E-01	9.25E-01	1.13E+00	1.17E+00	1.06E+00	8.58E-01
1.0000E+01	2.00E-03	2.11E-03	5.12E-03	6.08E-03	4.13E-02	4.68E-02	3.28E-01	3.43E-01	9.09E-01	1.12E+00	1.18E+00	1.09E+00	9.05E-01
1.0513E+01	1.93E-03	2.07E-03	4.89E-03	6.05E-03	3.93E-02	4.55E-02	3.15E-01	3.32E-01	8.87E-01	1.11E+00	1.18E+00	1.11E+00	9.43E-01
1.1052E+01	1.87E-03	2.05E-03	4.71E-03	6.14E-03	3.77E-02	4.50E-02	3.03E-01	3.22E-01	8.60E-01	1.08E+00	1.16E+00	1.10E+00	9.39E-01
1.1618E+01	1.81E-03	2.02E-03	4.54E-03	6.25E-03	3.62E-02	4.46E-02	2.92E-01	3.12E-01	8.32E-01	1.05E+00	1.13E+00	1.09E+00	9.40E-01
1.2214E+01	1.71E-03	1.96E-03	4.33E-03	6.29E-03	3.46E-02	4.40E-02	2.79E-01	3.02E-01	8.00E-01	1.01E+00	1.10E+00	1.06E+00	9.30E-01
1.2840E+01	1.58E-03	1.86E-03	4.10E-03	6.29E-03	3.31E-02	4.34E-02	2.68E-01	2.92E-01	7.68E-01	9.77E-01	1.06E+00	1.04E+00	9.14E-01
1.3499E+01	1.49E-03	1.79E-03	3.89E-03	6.24E-03	3.16E-02	4.25E-02	2.56E-01	2.82E-01	7.39E-01	9.44E-01	1.03E+00	1.02E+00	9.05E-01
1.3840E+01	1.44E-03	1.75E-03	3.83E-03	6.23E-03	3.11E-02	4.22E-02	2.51E-01	2.77E-01	7.26E-01	9.30E-01	1.02E+00	1.01E+00	9.03E-01
1.4191E+01	1.54E-03	1.85E-03	3.94E-03	6.37E-03	3.09E-02	4.21E-02	2.47E-01	2.74E-01	7.15E-01	9.17E-01	1.01E+00	1.00E+00	9.00E-01
1.4550E+01	1.57E-03	1.89E-03	4.02E-03	6.48E-03	3.07E-02	4.21E-02	2.44E-01	2.70E-01	7.05E-01	9.05E-01	9.96E-01	9.91E-01	8.94E-01
1.4918E+01	1.58E-03	1.89E-03	4.05E-03	6.52E-03	3.06E-02	4.20E-02	2.42E-01	2.68E-01	6.96E-01	8.93E-01	9.84E-01	9.79E-01	8.86E-01
1.5683E+01	1.39E-03	1.71E-03	3.87E-03	6.36E-03	3.06E-02	4.20E-02	2.41E-01	2.68E-01	6.92E-01	8.86E-01	9.74E-01	9.70E-01	8.78E-01
1.6487E+01	1.43E-03	1.75E-03	3.79E-03	6.29E-03	2.91E-02	4.06E-02	2.29E-01	2.55E-01	6.60E-01	8.49E-01	9.39E-01	9.44E-01	8.63E-01
1.7333E+01	1.32E-03	1.65E-03	3.59E-03	6.10E-03	2.79E-02	3.94E-02	2.19E-01	2.46E-01	6.34E-01	8.19E-01	9.10E-01	9.21E-01	8.49E-01