University of Texas at Austin - Hertel and Davidson 4mm x 4mm
#MeV,Bare,Bare Cd,2 inch,2 inch Cd,3 inch,3 inch Cd,5 inch,5 inch Cd,8 inch,10 inch,12 inch,15 inch,18 inch
.1000E-07,.0000E+00,.0000E+00,.0000E+00,.0000E+00,.0000E+00,.0000E+00,.0000E+00,.0000E+00,.0000E+00,.0000E+00,.0000E+00,0.0000E+00,.0000E+00
.4140E-06,.1484E+00,.2455E-05,.1498E+00,.1262E-05,.1251E+00,.1038E-05,.6524E-01,.5410E-06,.1831E-01,.7187E-02,.2710E-02,0.0000E+00,.1268E-03
.6826E-06,.1127E+00,.6951E-01,.2261E+00,.1236E+00,.2154E+00,.1166E+00,.1180E+00,.6299E-01,.3305E-01,.1292E-01,.4859E-02,0.0000E+00,.2262E-03
.1445E-05,.9523E-01,.8826E-01,.2275E+00,.2048E+00,.2317E+00,.2080E+00,.1315E+00,.1177E+00,.3700E-01,.1446E-01,.5434E-02,0.0000E+00,.2528E-03
.3059E-05,.7483E-01,.7414E-01,.2200E+00,.2158E+00,.2429E+00,.2378E+00,.1448E+00,.1416E+00,.4109E-01,.1606E-01,.6034E-02,0.0000E+00,.2805E-03
.6476E-05,.5677E-01,.5670E-01,.2065E+00,.2049E+00,.2473E+00,.2449E+00,.1558E+00,.1541E+00,.4475E-01,.1750E-01,.6573E-02,0.0000E+00,.3054E-03
.1371E-04,.4185E-01,.4184E-01,.1898E+00,.1888E+00,.2467E+00,.2449E+00,.1651E+00,.1637E+00,.4815E-01,.1884E-01,.7078E-02,0.0000E+00,.3288E-03
.2902E-04,.3019E-01,.2980E-01,.1719E+00,.1680E+00,.2425E+00,.2362E+00,.1730E+00,.1681E+00,.5140E-01,.2014E-01,.7567E-02,0.0000E+00,.3514E-03
.6144E-04,.2148E-01,.2110E-01,.1540E+00,.1495E+00,.2357E+00,.2278E+00,.1797E+00,.1731E+00,.5456E-01,.2142E-01,.8048E-02,0.0000E+00,.3737E-03
.1301E-03,.1514E-01,.1423E-01,.1369E+00,.1240E+00,.2270E+00,.2044E+00,.1852E+00,.1660E+00,.5765E-01,.2269E-01,.8528E-02,0.0000E+00,.3960E-03
.2754E-03,.1057E-01,.1040E-01,.1209E+00,.1180E+00,.2169E+00,.2107E+00,.1897E+00,.1836E+00,.6071E-01,.2397E-01,.9014E-02,0.0000E+00,.4185E-03
.5929E-03,.7302E-02,.7214E-02,.1060E+00,.1029E+00,.2060E+00,.1985E+00,.1933E+00,.1855E+00,.6381E-01,.2529E-01,.9519E-02,0.0000E+00,.4420E-03
.1234E-02,.5067E-02,.5039E-02,.9288E-01,.9180E-01,.1948E+00,.1910E+00,.1961E+00,.1913E+00,.6688E-01,.2662E-01,.1003E-01,0.0000E+00,.4659E-03
.2613E-02,.3515E-02,.3501E-02,.8112E-01,.8137E-01,.1835E+00,.1826E+00,.1982E+00,.1963E+00,.7001E-01,.2803E-01,.1057E-01,0.0000E+00,.4912E-03
.5531E-02,.2429E-02,.2417E-02,.7050E-01,.7083E-01,.1723E+00,.1715E+00,.1999E+00,.1980E+00,.7341E-01,.2958E-01,.1118E-01,0.0000E+00,.5194E-03
.1171E-01,.1683E-02,.1678E-02,.6097E-01,.6139E-01,.1613E+00,.1607E+00,.2018E+00,.1999E+00,.7733E-01,.3142E-01,.1190E-01,0.0000E+00,.5532E-03
.2479E-01,.1177E-02,.1175E-02,.5237E-01,.5288E-01,.1507E+00,.1504E+00,.2044E+00,.2027E+00,.8236E-01,.3381E-01,.1285E-01,0.0000E+00,.5976E-03
.5247E-01,.8348E-03,.8340E-03,.4429E-01,.4485E-01,.1403E+00,.1402E+00,.2092E+00,.2076E+00,.8985E-01,.3745E-01,.1431E-01,0.0000E+00,.6662E-03
.1111E+00,.6865E-03,.6861E-03,.3624E-01,.3683E-01,.1290E+00,.1292E+00,.2174E+00,.2159E+00,.1025E+00,.4388E-01,.1695E-01,0.0000E+00,.7922E-03
.2237E+00,.1276E-02,.1273E-02,.2826E-01,.2884E-01,.1154E+00,.1159E+00,.2279E+00,.2266E+00,.1237E+00,.5591E-01,.2220E-01,0.0000E+00,.1057E-02
.4508E+00,.1686E-02,.1682E-02,.2055E-01,.2107E-01,.9698E-01,.9777E-01,.2344E+00,.2337E+00,.1573E+00,.7897E-01,.3382E-01,0.0000E+00,.1770E-02
.9072E+00,.3281E-03,.3303E-03,.1270E-01,.1312E-01,.7293E-01,.7387E-01,.2254E+00,.2252E+00,.2009E+00,.1197E+00,.5998E-01,0.0000E+00,.4488E-02
.1872E+01,.2554E-03,.2581E-03,.6957E-02,.7291E-02,.4744E-01,.4846E-01,.1908E+00,.1913E+00,.2354E+00,.1741E+00,.1089E+00,0.0000E+00,.1624E-01
.3679E+01,.1830E-03,.1877E-03,.3406E-02,.3663E-02,.2652E-01,.2753E-01,.1347E+00,.1360E+00,.2227E+00,.2000E+00,.1529E+00,0.0000E+00,.4345E-01
.7408E+01,.9175E-04,.9492E-04,.1518E-02,.1684E-02,.1318E-01,.1398E-01,.8243E-01,.8409E-01,.1792E+00,.1925E+00,.1773E+00,0.0000E+00,.9178E-01
.1492E+02,.6260E-04,.6813E-04,.6268E-03,.8496E-03,.5663E-02,.6662E-02,.4124E-01,.4360E-01,.1104E+00,.1356E+00,.1428E+00,0.0000E+00,.1115E+00
.2581E+02,.5746E-04,.6252E-04,.3157E-03,.4279E-03,.2733E-02,.3214E-02,.1982E-01,.2096E-01,.5449E-01,.6882E-01,.7487E-01,0.0000E+00,.6573E-01
.4465E+02,.3753E-04,.4085E-04,.1875E-03,.2540E-03,.1623E-02,.1910E-02,.1210E-01,.1279E-01,.3497E-01,.4581E-01,.5180E-01,0.0000E+00,.5166E-01
.7725E+02,.2342E-04,.2549E-04,.1249E-03,.1693E-03,.1095E-02,.1288E-02,.8367E-02,.8848E-02,.2522E-01,.3411E-01,.3992E-01,0.0000E+00,.4484E-01
.1336E+03,.1524E-04,.1658E-04,.9670E-04,.1310E-03,.8635E-03,.1016E-02,.6733E-02,.7115E-02,.2106E-01,.2929E-01,.3533E-01,0.0000E+00,.4387E-01
.2312E+03,.9948E-05,.1082E-04,.7935E-04,.1075E-03,.7356E-03,.8652E-03,.5977E-02,.6319E-02,.1960E-01,.2802E-01,.3472E-01,0.0000E+00,.4659E-01
.4000E+03,.5875E-05,.6393E-05,.6842E-04,.9276E-04,.6509E-03,.7657E-03,.5395E-02,.5704E-02,.1816E-01,.2642E-01,.3330E-01,0.0000E+00,.4712E-01
