1.e-11   0.          0.
4.14e-7  4.49815e-8  0.313
1.e-6    4.79716e-7  .017
1.e-5    2.08e-6     .0105
5.e-5    1.93591e-6  .0101
1.e-4    9.66415e-7  .0128
2.e-4    1.08095e-6  .0119
4.e-4    1.18852e-6  .0113
7.e-4    1.06402e-6  .0117
1.e-3    7.1451e-7   .014
3.e-3    2.37569e-6  .0083
6.0e-3   1.63423e-6  .0095
.01      1.24281e-6  .0106
.02      1.79466e-6  .0091
3.e-2    1.00334e-6  .0118
.04      6.9355e-7   .0133
.06      9.77072e-7  .0114
.08      6.67477e-7  .0134
.1       4.88355e-7  .0149
.15      8.23626e-7  .0117
.2       5.30798e-7  .0139
.25      3.72559e-7  .0153
.3       2.87722e-7  .0173
.35      2.20268e-7  .0194
.4       1.6167e-7   .023
.45      8.43849e-8  .0377
.5       1.01666e-7  .0376
.55      1.40662e-7  .027
.6       1.44252e-7  .0263
.7       2.62404e-7  .0181
.8       2.38014e-7  .0196
.9       1.8241e-7   .0214
1.       1.14618e-7  .0292
1.2      2.54056e-7  .02
1.4      2.68533e-7  .021
1.6      2.88558e-7  .0186
1.8      2.84921e-7  .0195
2.0      2.60741e-7  .0219
2.3      4.22892e-7  .0181
2.6      4.68115e-7  .0178
3.       4.79287e-7  .0182
3.5      3.9652e-7   .0213
4.0      2.88005e-7  .0279
4.5      2.54236e-7  .0286
5.0      2.18332e-7  .0335
6.       2.75119e-7  .0284
7.       1.70541e-7  .041
8.       7.79896e-8  .0534
9.       4.81028e-8  .0746
10.0     2.34437e-8  .0783
11.      1.37808e-8  .1267
12.0     5.33921e-9  .2072
13.0     2.33329e-9  .1986
14.0     2.31657e-9  .3614
15.0     7.2893e-10  .3060
