14 MeV photons on tungsten
2.50E-07	0.00E+00
5.00E-07	0.00E+00
1.00E-06	0.00E+00
2.15E-06	0.00E+00
4.65E-06	0.00E+00
1.00E-05	0.00E+00
2.15E-05	0.00E+00
4.65E-05	0.00E+00
1.00E-04	0.00E+00
2.15E-04	0.00E+00
4.65E-04	0.00E+00
1.00E-03	0.00E+00
2.15E-03	1.07E-06
4.65E-03	3.60E-05
1.00E-02	7.63E-04
1.26E-02	1.58E-03
1.58E-02	2.21E-03
2.00E-02	4.65E-03
2.51E-02	1.13E-02
3.16E-02	1.58E-02
3.98E-02	1.97E-02
5.01E-02	2.43E-02
6.31E-02	3.00E-02
7.94E-02	3.69E-02
1.00E-01	4.53E-02
1.26E-01	5.46E-02
1.58E-01	6.32E-02
2.00E-01	6.60E-02
2.51E-01	6.85E-02
3.16E-01	7.13E-02
3.98E-01	7.19E-02
5.01E-01	7.19E-02
6.31E-01	7.19E-02
7.94E-01	7.19E-02
1.00E+00	6.14E-02
1.26E+00	4.65E-02
1.58E+00	3.50E-02
2.00E+00	2.19E-02
2.51E+00	1.19E-02
3.16E+00	1.07E-02
3.98E+00	4.99E-03
5.01E+00	2.79E-03
6.31E+00	1.07E-03
7.94E+00	0.00E+00
1.00E+01	0.00E+00
1.26E+01	0.00E+00
1.58E+01	0.00E+00
2.00E+01	0.00E+00
3.30E+01	0.00E+00
5.90E+01	0.00E+00
8.23E+01	0.00E+00
1.60E+02	0.00E+00
2.23E+02	0.00E+00
4.35E+02	0.00E+00
