14 MeV photons on tungsten through 90 cm concrete
2.50E-07	0.00E+00
5.00E-07	0.00E+00
1.00E-06	1.81E-03
2.15E-06	1.08E-02
4.65E-06	9.70E-03
1.00E-05	2.30E-03
2.15E-05	1.23E-04
4.65E-05	4.81E-05
1.00E-04	4.74E-05
2.15E-04	9.32E-05
4.65E-04	1.31E-04
1.00E-03	9.64E-05
2.15E-03	5.72E-05
4.65E-03	1.82E-04
1.00E-02	9.70E-04
1.26E-02	3.36E-04
1.58E-02	2.06E-04
2.00E-02	3.72E-05
2.51E-02	4.38E-06
3.16E-02	2.36E-05
3.98E-02	2.81E-04
5.01E-02	1.31E-03
6.31E-02	5.60E-03
7.94E-02	2.41E-02
1.00E-01	5.30E-02
1.26E-01	8.43E-02
1.58E-01	9.13E-02
2.00E-01	4.03E-02
2.51E-01	1.78E-02
3.16E-01	7.85E-03
3.98E-01	1.23E-02
5.01E-01	2.54E-02
6.31E-01	5.26E-02
7.94E-01	1.09E-01
1.00E+00	1.30E-01
1.26E+00	1.01E-01
1.58E+00	7.98E-02
2.00E+00	8.81E-03
2.51E+00	4.15E-02
3.16E+00	7.40E-02
3.98E+00	6.51E-03
5.01E+00	2.94E-03
6.31E+00	3.20E-03
7.94E+00	0.00E+00
1.00E+01	0.00E+00
1.26E+01	0.00E+00
1.58E+01	0.00E+00
2.00E+01	0.00E+00
3.30E+01	0.00E+00
5.90E+01	0.00E+00
8.23E+01	0.00E+00
1.60E+02	0.00E+00
2.23E+02	0.00E+00
4.35E+02	0.00E+00
