15 MeV photons on tungsten
2.50E-07	0.00E+00
5.00E-07	0.00E+00
1.00E-06	0.00E+00
2.15E-06	0.00E+00
4.65E-06	0.00E+00
1.00E-05	0.00E+00
2.15E-05	0.00E+00
4.65E-05	0.00E+00
1.00E-04	0.00E+00
2.15E-04	0.00E+00
4.65E-04	0.00E+00
1.00E-03	0.00E+00
2.15E-03	0.00E+00
4.65E-03	0.00E+00
1.00E-02	0.00E+00
1.26E-02	0.00E+00
1.58E-02	0.00E+00
2.00E-02	8.74E-05
2.51E-02	1.32E-04
3.16E-02	6.97E-05
3.98E-02	2.95E-05
5.01E-02	8.80E-05
6.31E-02	3.06E-04
7.94E-02	1.08E-03
1.00E-01	2.29E-03
1.26E-01	3.79E-03
1.58E-01	6.16E-03
2.00E-01	9.55E-03
2.51E-01	1.49E-02
3.16E-01	2.31E-02
3.98E-01	3.18E-02
5.01E-01	4.30E-02
6.31E-01	5.77E-02
7.94E-01	7.75E-02
1.00E+00	9.34E-02
1.26E+00	1.03E-01
1.58E+00	1.14E-01
2.00E+00	1.05E-01
2.51E+00	8.92E-02
3.16E+00	7.03E-02
3.98E+00	5.65E-02
5.01E+00	4.48E-02
6.31E+00	3.39E-02
7.94E+00	1.51E-02
1.00E+01	2.04E-03
1.26E+01	0.00E+00
1.58E+01	0.00E+00
2.00E+01	0.00E+00
3.30E+01	0.00E+00
5.90E+01	0.00E+00
8.23E+01	0.00E+00
1.60E+02	0.00E+00
2.23E+02	0.00E+00
4.35E+02	0.00E+00
