15 MeV photons on tungsten through 90 cm concrete
2.50E-07	0.00E+00
5.00E-07	0.00E+00
1.00E-06	2.23E-02
2.15E-06	1.44E-02
4.65E-06	1.53E-02
1.00E-05	1.69E-02
2.15E-05	9.38E-03
4.65E-05	1.41E-02
1.00E-04	1.15E-02
2.15E-04	1.12E-03
4.65E-04	6.54E-04
1.00E-03	1.23E-02
2.15E-03	8.91E-03
4.65E-03	4.08E-03
1.00E-02	3.02E-03
1.26E-02	1.73E-03
1.58E-02	1.34E-03
2.00E-02	2.94E-03
2.51E-02	9.37E-03
3.16E-02	7.38E-03
3.98E-02	4.33E-03
5.01E-02	2.09E-03
6.31E-02	9.84E-04
7.94E-02	4.66E-04
1.00E-01	9.22E-04
1.26E-01	3.72E-03
1.58E-01	1.12E-02
2.00E-01	1.67E-02
2.51E-01	2.48E-02
3.16E-01	3.67E-02
3.98E-01	3.72E-02
5.01E-01	3.45E-02
6.31E-01	3.20E-02
7.94E-01	2.97E-02
1.00E+00	3.05E-02
1.26E+00	3.38E-02
1.58E+00	3.76E-02
2.00E+00	9.69E-02
2.51E+00	2.99E-01
3.16E+00	5.24E-02
3.98E+00	4.03E-02
5.01E+00	6.61E-03
6.31E+00	6.28E-03
7.94E+00	3.74E-03
1.00E+01	6.12E-04
1.26E+01	0.00E+00
1.58E+01	0.00E+00
2.00E+01	0.00E+00
3.30E+01	0.00E+00
5.90E+01	0.00E+00
8.23E+01	0.00E+00
1.60E+02	0.00E+00
2.23E+02	0.00E+00
4.35E+02	0.00E+00
