BWR location E/3-X29
2.50E-07	4.07E-02
5.00E-07	3.51E-02
1.00E-06	2.39E-02
2.15E-06	1.41E-02
4.65E-06	9.55E-03
1.00E-05	6.89E-03
2.15E-05	5.31E-03
4.65E-05	4.37E-03
1.00E-04	3.86E-03
2.15E-04	3.70E-03
4.65E-04	3.86E-03
1.00E-03	4.40E-03
2.15E-03	5.44E-03
4.65E-03	7.33E-03
1.00E-02	1.07E-02
1.26E-02	1.42E-02
1.58E-02	1.62E-02
2.00E-02	1.86E-02
2.51E-02	2.16E-02
3.16E-02	2.51E-02
3.98E-02	2.90E-02
5.01E-02	3.33E-02
6.31E-02	3.82E-02
7.94E-02	4.39E-02
1.00E-01	4.90E-02
1.26E-01	5.39E-02
1.58E-01	5.93E-02
2.00E-01	6.21E-02
2.51E-01	6.19E-02
3.16E-01	6.18E-02
3.98E-01	5.69E-02
5.01E-01	4.81E-02
6.31E-01	4.07E-02
7.94E-01	3.13E-02
1.00E+00	2.14E-02
1.26E+00	1.46E-02
1.58E+00	9.14E-03
2.00E+00	5.05E-03
2.51E+00	2.79E-03
3.16E+00	1.46E-03
3.98E+00	6.87E-04
5.01E+00	3.25E-04
6.31E+00	1.47E-04
7.94E+00	6.22E-05
1.00E+01	2.62E-05
1.26E+01	1.05E-05
1.58E+01	3.64E-06
2.00E+01	1.27E-06
3.30E+01	0.00E+00
5.90E+01	0.00E+00
8.23E+01	0.00E+00
1.60E+02	0.00E+00
2.23E+02	0.00E+00
4.35E+02	0.00E+00
