CERN ring top
2.50E-07	0.00E+00
5.00E-07	0.00E+00
1.00E-06	0.00E+00
2.15E-06	0.00E+00
4.65E-06	0.00E+00
1.00E-05	0.00E+00
2.15E-05	0.00E+00
4.65E-05	0.00E+00
1.00E-04	0.00E+00
2.15E-04	0.00E+00
4.65E-04	0.00E+00
1.00E-03	0.00E+00
2.15E-03	0.00E+00
4.65E-03	0.00E+00
1.00E-02	0.00E+00
1.26E-02	0.00E+00
1.58E-02	0.00E+00
2.00E-02	0.00E+00
2.51E-02	0.00E+00
3.16E-02	0.00E+00
3.98E-02	0.00E+00
5.01E-02	0.00E+00
6.31E-02	0.00E+00
7.94E-02	0.00E+00
1.00E-01	0.00E+00
1.26E-01	0.00E+00
1.58E-01	0.00E+00
2.00E-01	0.00E+00
2.51E-01	0.00E+00
3.16E-01	0.00E+00
3.98E-01	0.00E+00
5.01E-01	0.00E+00
6.31E-01	4.72E-03
7.94E-01	6.23E-03
1.00E+00	8.25E-03
1.26E+00	1.05E-02
1.58E+00	1.29E-02
2.00E+00	1.58E-02
2.51E+00	1.94E-02
3.16E+00	2.39E-02
3.98E+00	2.93E-02
5.01E+00	3.59E-02
6.31E+00	4.43E-02
7.94E+00	5.44E-02
1.00E+01	6.66E-02
1.26E+01	7.53E-02
1.58E+01	7.78E-02
2.00E+01	8.03E-02
3.30E+01	8.50E-02
5.90E+01	9.15E-02
8.23E+01	8.32E-02
1.60E+02	7.24E-02
2.23E+02	5.83E-02
4.35E+02	4.39E-02
