Cf-252, skyshine
2.50E-07	4.67E-03
5.00E-07	5.09E-03
1.00E-06	5.75E-03
2.15E-06	6.54E-03
4.65E-06	7.75E-03
1.00E-05	9.01E-03
2.15E-05	9.33E-03
4.65E-05	1.02E-02
1.00E-04	1.09E-02
2.15E-04	1.05E-02
4.65E-04	1.09E-02
1.00E-03	1.28E-02
2.15E-03	1.36E-02
4.65E-03	1.46E-02
1.00E-02	1.65E-02
1.26E-02	1.92E-02
1.58E-02	2.06E-02
2.00E-02	2.16E-02
2.51E-02	2.25E-02
3.16E-02	2.30E-02
3.98E-02	2.34E-02
5.01E-02	2.54E-02
6.31E-02	2.77E-02
7.94E-02	3.01E-02
1.00E-01	3.30E-02
1.26E-01	3.62E-02
1.58E-01	1.98E-02
2.00E-01	3.99E-02
2.51E-01	4.09E-02
3.16E-01	4.19E-02
3.98E-01	4.38E-02
5.01E-01	4.59E-02
6.31E-01	4.82E-02
7.94E-01	4.81E-02
1.26E+00	4.27E-02
1.58E+00	3.79E-02
2.00E+00	3.47E-02
2.51E+00	3.16E-02
3.16E+00	2.17E-02
3.98E+00	9.79E-03
5.01E+00	8.46E-03
6.31E+00	2.02E-03
7.94E+00	8.89E-04
1.00E+01	2.60E-04
1.26E+01	1.52E-04
1.58E+01	4.11E-06
2.00E+01	1.73E-08
3.30E+01	0.00E+00
5.90E+01	0.00E+00
8.23E+01	0.00E+00
1.60E+02	0.00E+00
2.23E+02	0.00E+00
4.35E+03	0.00E+00
