Cm[2]O[3] Power Source
2.50E-07	0.00E+00
5.00E-07	0.00E+00
1.00E-06	0.00E+00
2.15E-06	0.00E+00
4.65E-06	0.00E+00
1.00E-05	0.00E+00
2.15E-05	0.00E+00
4.65E-05	0.00E+00
1.00E-04	0.00E+00
2.15E-04	0.00E+00
4.65E-04	0.00E+00
1.00E-03	0.00E+00
2.15E-03	0.00E+00
4.65E-03	0.00E+00
1.00E-02	0.00E+00
1.26E-02	0.00E+00
1.58E-02	0.00E+00
2.00E-02	0.00E+00
2.51E-02	0.00E+00
3.16E-02	2.97E-03
3.98E-02	3.24E-03
5.01E-02	3.51E-03
6.31E-02	3.97E-03
7.94E-02	4.53E-03
1.00E-01	5.66E-03
1.26E-01	7.18E-03
1.58E-01	1.11E-02
2.00E-01	1.32E-02
2.51E-01	1.58E-02
3.16E-01	1.96E-02
3.98E-01	2.47E-02
5.01E-01	3.13E-02
6.31E-01	4.00E-02
7.94E-01	5.34E-02
1.00E+00	6.42E-02
1.26E+00	8.04E-02
1.58E+00	9.48E-02
2.00E+00	9.99E-02
2.51E+00	1.05E-01
3.16E+00	1.10E-01
3.98E+00	8.70E-02
5.01E+00	6.15E-02
6.31E+00	3.38E-02
7.94E+00	1.46E-02
1.00E+01	6.30E-03
1.26E+01	1.88E-03
1.58E+01	8.38E-05
2.00E+01	0.00E+00
3.30E+01	0.00E+00
5.90E+01	0.00E+00
8.23E+01	0.00E+00
1.60E+02	0.00E+00
2.23E+02	0.00E+00
4.35E+02	0.00E+00
