Cosmic Ray Spectrum at top of atmosphere
2.50E-07	6.97E-04
5.00E-07	7.90E-04
1.00E-06	9.43E-04
2.15E-06	1.26E-03
4.65E-06	1.89E-03
1.00E-05	2.83E-03
2.15E-05	3.16E-03
4.65E-05	2.62E-03
1.00E-04	2.18E-03
2.15E-04	2.03E-03
4.65E-04	2.12E-03
1.00E-03	2.22E-03
2.15E-03	2.33E-03
4.65E-03	2.44E-03
1.00E-02	2.55E-03
1.26E-02	2.78E-03
1.58E-02	3.17E-03
2.00E-02	3.60E-03
2.51E-02	4.08E-03
3.16E-02	4.65E-03
3.98E-02	5.29E-03
5.01E-02	6.08E-03
6.31E-02	7.01E-03
7.94E-02	8.09E-03
1.00E-01	9.33E-03
1.26E-01	1.06E-02
1.58E-01	1.20E-02
2.00E-01	1.35E-02
2.51E-01	1.53E-02
3.16E-01	1.72E-02
3.98E-01	1.89E-02
5.01E-01	2.03E-02
6.31E-01	2.19E-02
7.94E-01	2.36E-02
1.00E+00	2.54E-02
1.26E+00	2.93E-02
1.58E+00	3.63E-02
2.00E+00	4.49E-02
2.51E+00	5.54E-02
3.16E+00	5.38E-02
3.98E+00	5.10E-02
5.01E+00	4.81E-02
6.31E+00	4.01E-02
7.94E+00	3.08E-02
1.00E+01	2.36E-02
1.26E+01	2.27E-02
1.58E+01	2.73E-02
2.00E+01	3.28E-02
3.30E+01	4.33E-02
5.90E+01	4.55E-02
8.23E+01	4.62E-02
1.60E+02	4.33E-02
2.23E+02	3.82E-02
4.35E+02	2.40E-02
