19 MeV electrons on tungsten , through 10 cm lead
5.0000000000E-07	0.0000000000E+00
5.5000000000E-06	0.0000000000E+00
5.5000000000E-05	0.0000000000E+00
5.5000000000E-04	0.0000000000E+00
5.5000000000E-03	9.7364857458E-09
5.5000000000E-02	4.1557172190E-09
1.5000000000E-01	7.0557901370E-09
3.5000000000E-01	1.1322023208E-08
7.5000000000E-01	2.0110432474E-08
1.5000000000E+00	1.5692985108E-08
2.5000000000E+00	1.0798518387E-08
3.5000000000E+00	4.3276933026E-09
4.5000000000E+00	1.7854263823E-09
6.2500000000E+00	2.9761679955E-10
8.7500000000E+00	0.0000000000E+00
1.2500000000E+01	0.0000000000E+00
1.7000000000E+01	0.0000000000E+00