Flat Spectrum
0.00000001,0
0.000000414,0.000000404
0.0000006826,0.0000002686
0.000001445,0.0000007624
0.000003059,0.000001614
0.000006476,0.000003417
0.00001371,0.000007234
0.00002902,0.00001531
0.00006144,0.00003242
0.0001301,0.00006866
0.0002754,0.0001453
0.0005929,0.0003175
0.001234,0.0006411
0.002613,0.001379
0.005531,0.002918
0.01171,0.006179
0.02479,0.01308
0.05247,0.02768
0.1111,0.05863
0.2237,0.1126
0.4508,0.2271
0.9072,0.4564
1.872,0.9648
3.679,1.807
7.408,3.729
14.92,7.512
25.81,10.89
44.65,18.84
77.25,32.6
133.6,56.35
231.2,97.6
400,168.8
