Turkey Point Fuel Element at 26 in.
2.50E-07	1.30E-03
5.00E-07	1.23E-03
1.00E-06	1.18E-03
2.15E-06	1.01E-03
4.65E-06	9.25E-04
1.00E-05	8.39E-04
2.15E-05	7.64E-04
4.65E-05	9.30E-04
1.00E-04	1.23E-03
2.15E-04	1.55E-03
4.65E-04	1.89E-03
1.00E-03	2.25E-03
2.15E-03	2.68E-03
4.65E-03	3.18E-03
1.00E-02	3.85E-03
1.26E-02	4.61E-03
1.58E-02	4.93E-03
2.00E-02	5.33E-03
2.51E-02	5.97E-03
3.16E-02	6.51E-03
3.98E-02	7.15E-03
5.01E-02	8.17E-03
6.31E-02	9.41E-03
7.94E-02	1.04E-02
1.00E-01	1.19E-02
1.26E-01	1.38E-02
1.58E-01	1.58E-02
2.00E-01	1.82E-02
2.51E-01	2.13E-02
3.16E-01	2.48E-02
3.98E-01	2.97E-02
5.01E-01	3.53E-02
6.31E-01	4.17E-02
7.94E-01	4.80E-02
1.00E+00	5.65E-02
1.26E+00	6.61E-02
1.58E+00	7.47E-02
2.00E+00	8.39E-02
2.51E+00	9.52E-02
3.16E+00	9.30E-02
3.98E+00	7.64E-02
5.01E+00	5.07E-02
6.31E+00	3.45E-02
7.94E+00	1.87E-02
1.00E+01	1.47E-03
1.26E+01	5.59E-05
1.58E+01	8.33E-06
2.00E+01	6.67E-07
3.30E+01	0.00E+00
5.90E+01	0.00E+00
8.23E+01	0.00E+00
1.60E+02	0.00E+00
2.23E+02	0.00E+00
4.35E+02	0.00E+00
