Turkey Point Fuel Element at 14 in.
2.50E-07	7.67E-04
5.00E-07	7.10E-04
1.00E-06	6.61E-04
2.15E-06	5.43E-04
4.65E-06	4.66E-04
1.00E-05	4.17E-04
2.15E-05	3.95E-04
4.65E-05	6.42E-04
1.00E-04	1.01E-03
2.15E-04	1.36E-03
4.65E-04	1.71E-03
1.00E-03	2.10E-03
2.15E-03	2.55E-03
4.65E-03	3.06E-03
1.00E-02	3.72E-03
1.26E-02	4.49E-03
1.58E-02	4.85E-03
2.00E-02	5.23E-03
2.51E-02	5.84E-03
3.16E-02	6.45E-03
3.98E-02	7.06E-03
5.01E-02	8.06E-03
6.31E-02	9.34E-03
7.94E-02	1.04E-02
1.00E-01	1.19E-02
1.26E-01	1.38E-02
1.58E-01	1.58E-02
2.00E-01	1.81E-02
2.51E-01	2.13E-02
3.16E-01	2.49E-02
3.98E-01	2.97E-02
5.01E-01	3.53E-02
6.31E-01	4.21E-02
7.94E-01	4.85E-02
1.00E+00	5.65E-02
1.26E+00	6.68E-02
1.58E+00	7.51E-02
2.00E+00	8.44E-02
2.51E+00	9.57E-02
3.16E+00	9.41E-02
3.98E+00	7.71E-02
5.01E+00	5.10E-02
6.31E+00	3.50E-02
7.94E+00	1.89E-02
1.00E+01	1.48E-03
1.26E+01	5.68E-05
1.58E+01	8.48E-06
2.00E+01	6.81E-07
3.30E+01	0.00E+00
5.90E+01	0.00E+00
8.23E+01	0.00E+00
1.60E+02	0.00E+00
2.23E+02	0.00E+00
4.35E+02	0.00E+00
