GODIVA spectrum
2.50E-07	0.00E+00
5.00E-07	0.00E+00
1.00E-06	1.56E-12
2.15E-06	5.28E-12
4.65E-06	1.90E-11
1.00E-05	6.87E-11
2.15E-05	2.47E-10
4.65E-05	1.17E-09
1.00E-04	7.46E-09
2.15E-04	3.00E-08
4.65E-04	1.50E-07
1.00E-03	6.62E-07
2.15E-03	3.41E-06
4.65E-03	1.65E-05
1.00E-02	7.84E-05
1.26E-02	2.16E-04
1.58E-02	3.46E-04
2.00E-02	5.54E-04
2.51E-02	8.46E-04
3.16E-02	1.31E-03
3.98E-02	2.00E-03
5.01E-02	3.03E-03
6.31E-02	4.51E-03
7.94E-02	6.51E-03
1.00E-01	9.35E-03
1.26E-01	1.30E-02
1.58E-01	1.81E-02
2.00E-01	2.42E-02
2.51E-01	3.20E-02
3.16E-01	4.23E-02
3.98E-01	4.99E-02
5.01E-01	5.88E-02
6.31E-01	6.93E-02
7.94E-01	7.40E-02
1.00E+00	7.88E-02
1.26E+00	8.34E-02
1.58E+00	8.28E-02
2.00E+00	8.22E-02
2.51E+00	7.49E-02
3.16E+00	6.54E-02
3.98E+00	5.13E-02
5.01E+00	3.48E-02
6.31E+00	2.17E-02
7.94E+00	1.01E-02
1.00E+01	3.37E-03
1.26E+01	7.72E-04
1.58E+01	1.36E-04
2.00E+01	2.40E-05
3.30E+01	0.00E+00
5.90E+01	0.00E+00
8.23E+01	0.00E+00
1.60E+02	0.00E+00
2.23E+02	0.00E+00
4.35E+02	0.00E+00
