LBL bevatron
2.50E-07	2.79E-03
5.00E-07	3.07E-03
1.00E-06	3.54E-03
2.15E-06	4.09E-03
4.65E-06	4.77E-03
1.00E-05	5.56E-03
2.15E-05	6.36E-03
4.65E-05	7.08E-03
1.00E-04	7.92E-03
2.15E-04	8.94E-03
4.65E-04	1.02E-02
1.00E-03	1.17E-02
2.15E-03	1.31E-02
4.65E-03	1.44E-02
1.00E-02	1.58E-02
1.26E-02	1.68E-02
1.58E-02	1.73E-02
2.00E-02	1.78E-02
2.51E-02	1.82E-02
3.16E-02	1.87E-02
3.98E-02	1.93E-02
5.01E-02	1.98E-02
6.31E-02	2.03E-02
7.94E-02	2.09E-02
1.00E-01	2.15E-02
1.26E-01	2.20E-02
1.58E-01	2.23E-02
2.00E-01	2.27E-02
2.51E-01	2.30E-02
3.16E-01	2.35E-02
3.98E-01	2.38E-02
5.01E-01	2.42E-02
6.31E-01	2.46E-02
7.94E-01	2.50E-02
1.00E+00	2.54E-02
1.26E+00	2.57E-02
1.58E+00	2.57E-02
2.00E+00	2.58E-02
2.51E+00	2.59E-02
3.16E+00	2.60E-02
3.98E+00	2.60E-02
5.01E+00	2.62E-02
6.31E+00	2.62E-02
7.94E+00	2.57E-02
1.00E+01	2.53E-02
1.26E+01	2.48E-02
1.58E+01	2.42E-02
2.00E+01	2.38E-02
3.30E+01	2.30E-02
5.90E+01	2.20E-02
8.23E+01	2.09E-02
1.60E+02	1.98E-02
2.23E+02	1.81E-02
4.35E+02	1.66E-02
