5 Tonnes Natural Uranium Pile
2.50E-07	0.00E+00
5.00E-07	0.00E+00
1.00E-06	0.00E+00
2.15E-06	0.00E+00
4.65E-06	0.00E+00
1.00E-05	0.00E+00
2.15E-05	0.00E+00
4.65E-05	0.00E+00
1.00E-04	0.00E+00
2.15E-04	0.00E+00
4.65E-04	0.00E+00
1.00E-03	0.00E+00
2.15E-03	0.00E+00
4.65E-03	3.19E-05
1.00E-02	7.01E-04
1.26E-02	5.25E-03
1.58E-02	1.29E-02
2.00E-02	3.15E-02
2.51E-02	3.45E-02
3.16E-02	4.01E-02
3.98E-02	5.81E-02
5.01E-02	8.18E-02
6.31E-02	9.87E-02
7.94E-02	7.52E-02
1.00E-01	5.74E-02
1.26E-01	7.23E-02
1.58E-01	6.03E-02
2.00E-01	6.49E-02
2.51E-01	6.99E-02
3.16E-01	6.34E-02
3.98E-01	5.62E-02
5.01E-01	4.16E-02
6.31E-01	2.94E-02
7.94E-01	1.63E-02
1.00E+00	8.81E-03
1.26E+00	5.71E-03
1.58E+00	3.85E-03
2.00E+00	2.61E-03
2.51E+00	2.23E-03
3.16E+00	1.90E-03
3.98E+00	1.52E-03
5.01E+00	1.18E-03
6.31E+00	7.28E-04
7.94E+00	3.83E-04
1.00E+01	1.71E-04
1.26E+01	7.03E-05
1.58E+01	0.00E+00
2.00E+01	0.00E+00
3.30E+01	0.00E+00
5.90E+01	0.00E+00
8.23E+01	0.00E+00
1.60E+02	0.00E+00
2.23E+02	0.00E+00
4.35E+02	0.00E+00
