Pu-Be, skyshine
1.00E-07    0.00E-00
2.50E-07	3.45E-03
5.00E-07	3.49E-03
1.00E-06	3.56E-03
2.15E-06	3.62E-03
4.65E-06	4.32E-03
1.00E-05	5.35E-03
2.15E-05	6.25E-03
4.65E-05	6.36E-03
1.00E-04	6.71E-03
2.15E-04	7.05E-03
4.65E-04	7.43E-03
1.00E-03	7.88E-03
2.15E-03	8.68E-03
4.65E-03	9.88E-03
1.00E-02	1.14E-02
1.26E-02	1.25E-02
1.58E-02	1.31E-02
2.00E-02	1.26E-02
2.51E-02	1.18E-02
3.16E-02	1.33E-02
3.98E-02	1.55E-02
5.01E-02	1.65E-02
6.31E-02	1.75E-02
7.94E-02	1.85E-02
1.00E-01	2.07E-02
1.26E-01	2.39E-02
1.58E-01	2.69E-02
2.00E-01	2.82E-02
2.51E-01	2.96E-02
3.16E-01	3.10E-02
3.98E-01	3.32E-02
5.01E-01	3.58E-02
6.31E-01	3.86E-02
7.94E-01	4.16E-02
1.26E+00	4.63E-02
1.58E+00	4.86E-02
2.00E+00	5.94E-02
2.51E+00	7.78E-02
3.16E+00	6.64E-02
3.98E+00	4.43E-02
5.01E+00	3.76E-02
6.31E+00	2.27E-02
7.94E+00	1.24E-02
1.00E+01	1.46E-03
1.26E+01	5.68E-04
1.58E+01	8.63E-04
2.00E+01	1.31E-03
3.30E+01	0.00E+00
5.90E+01	0.00E+00
8.23E+01	0.00E+00
1.60E+02	0.00E+00
2.23E+02	0.00E+00
4.35E+03	0.00E+00
