Pu-Be, room scatter
1.00E-07    0.00E-00
2.50E-07	9.22E-03
5.00E-07	9.30E-03
1.00E-06	9.42E-03
2.15E-06	9.54E-03
4.65E-06	9.69E-03
1.00E-05	9.86E-03
2.15E-05	1.01E-02
4.65E-05	9.86E-03
1.00E-04	9.76E-03
2.15E-04	1.03E-02
4.65E-04	1.10E-02
1.00E-03	1.16E-02
2.15E-03	1.23E-02
4.65E-03	1.25E-02
1.00E-02	1.26E-02
1.26E-02	1.34E-02
1.58E-02	1.38E-02
2.00E-02	1.34E-02
2.51E-02	1.27E-02
3.16E-02	1.36E-02
3.98E-02	1.48E-02
5.01E-02	1.56E-02
6.31E-02	1.64E-02
7.94E-02	1.73E-02
1.00E-01	1.97E-02
1.26E-01	2.35E-02
1.58E-01	2.70E-02
2.00E-01	2.83E-02
2.51E-01	2.95E-02
3.16E-01	3.09E-02
3.98E-01	3.34E-02
5.01E-01	3.64E-02
6.31E-01	3.97E-02
7.94E-01	4.33E-02
1.26E+00	4.48E-02
1.58E+00	4.47E-02
2.00E+00	4.19E-02
2.51E+00	6.12E-02
3.16E+00	6.29E-02
3.98E+00	4.20E-02
5.01E+00	3.31E-02
6.31E+00	1.56E-02
7.94E+00	7.94E-03
1.00E+01	1.04E-03
1.26E+01	2.04E-05
1.58E+01	2.98E-07
2.00E+01	4.35E-09
3.30E+01	0.00E+00
5.90E+01	0.00E+00
8.23E+01	0.00E+00
1.60E+02	0.00E+00
2.23E+02	0.00E+00
4.35E+03	0.00E+00
