Pure fission spectrum
2.50E-07	0.00E+00
5.00E-07	0.00E+00
1.00E-06	0.00E+00
2.15E-06	0.00E+00
4.65E-06	0.00E+00
1.00E-05	0.00E+00
2.15E-05	0.00E+00
4.65E-05	0.00E+00
1.00E-04	0.00E+00
2.15E-04	0.00E+00
4.65E-04	0.00E+00
1.00E-03	0.00E+00
2.15E-03	0.00E+00
4.65E-03	0.00E+00
1.00E-02	0.00E+00
1.26E-02	1.80E-04
1.58E-02	2.81E-04
2.00E-02	4.09E-04
2.51E-02	5.71E-04
3.16E-02	7.73E-04
3.98E-02	1.03E-03
5.01E-02	1.49E-03
6.31E-02	2.24E-03
7.94E-02	3.07E-03
1.00E-01	4.09E-03
1.26E-01	5.91E-03
1.58E-01	7.86E-03
2.00E-01	1.07E-02
2.51E-01	1.49E-02
3.16E-01	1.99E-02
3.98E-01	2.63E-02
5.01E-01	3.48E-02
6.31E-01	4.54E-02
7.94E-01	5.79E-02
1.00E+00	6.95E-02
1.26E+00	8.61E-02
1.58E+00	9.28E-02
2.00E+00	1.04E-01
2.51E+00	1.06E-01
3.16E+00	9.73E-02
3.98E+00	8.10E-02
5.01E+00	5.78E-02
6.31E+00	3.63E-02
7.94E+00	2.12E-02
1.00E+01	1.05E-02
1.26E+01	6.97E-05
1.58E+01	0.00E+00
2.00E+01	0.00E+00
3.30E+01	0.00E+00
5.90E+01	0.00E+00
8.23E+01	0.00E+00
1.60E+02	0.00E+00
2.23E+02	0.00E+00
4.35E+02	0.00E+00
