PWR location G/3
2.50E-07	6.71E-02
5.00E-07	6.15E-02
1.00E-06	4.66E-02
2.15E-06	3.21E-02
4.65E-06	2.57E-02
1.00E-05	2.20E-02
2.15E-05	1.99E-02
4.65E-05	1.86E-02
1.00E-04	1.80E-02
2.15E-04	1.77E-02
4.65E-04	1.79E-02
1.00E-03	1.83E-02
2.15E-03	1.90E-02
4.65E-03	2.03E-02
1.00E-02	2.24E-02
1.26E-02	2.41E-02
1.58E-02	2.51E-02
2.00E-02	2.60E-02
2.51E-02	2.72E-02
3.16E-02	2.84E-02
3.98E-02	2.97E-02
5.01E-02	3.09E-02
6.31E-02	3.20E-02
7.94E-02	3.33E-02
1.00E-01	3.39E-02
1.26E-01	3.42E-02
1.58E-01	3.45E-02
2.00E-01	3.37E-02
2.51E-01	3.20E-02
3.16E-01	3.03E-02
3.98E-01	2.73E-02
5.01E-01	2.32E-02
6.31E-01	1.98E-02
7.94E-01	1.56E-02
1.00E+00	1.12E-02
1.26E+00	8.10E-03
1.58E+00	5.39E-03
2.00E+00	3.19E-03
2.51E+00	1.88E-03
3.16E+00	1.05E-03
3.98E+00	5.26E-04
5.01E+00	2.65E-04
6.31E+00	1.28E-04
7.94E+00	5.70E-05
1.00E+01	2.55E-05
1.26E+01	1.08E-05
1.58E+01	3.99E-06
2.00E+01	1.48E-06
3.30E+01	0.00E+00
5.90E+01	0.00E+00
8.23E+01	0.00E+00
1.60E+02	0.00E+00
2.23E+02	0.00E+00
4.35E+02	0.00E+00
