PWR location H/12
1.00E-07	0.00E+00
2.50E-07	1.60E-01
5.00E-07	1.20E-01
1.00E-06	6.57E-02
2.15E-06	3.25E-02
4.65E-06	2.04E-02
1.00E-05	1.45E-02
2.15E-05	1.14E-02
4.65E-05	9.75E-03
1.00E-04	8.90E-03
2.15E-04	8.57E-03
4.65E-04	8.71E-03
1.00E-03	9.19E-03
2.15E-03	1.00E-02
4.65E-03	1.15E-02
1.00E-02	1.37E-02
1.26E-02	1.57E-02
1.58E-02	1.68E-02
2.00E-02	1.80E-02
2.51E-02	1.94E-02
3.16E-02	2.09E-02
3.98E-02	2.25E-02
5.01E-02	2.41E-02
6.31E-02	2.57E-02
7.94E-02	2.75E-02
1.00E-01	2.89E-02
1.26E-01	3.01E-02
1.58E-01	3.13E-02
2.00E-01	3.15E-02
2.51E-01	3.07E-02
3.16E-01	2.99E-02
3.98E-01	2.76E-02
5.01E-01	2.38E-02
6.31E-01	2.06E-02
7.94E-01	1.65E-02
1.00E+00	1.19E-02
1.26E+00	8.60E-03
1.58E+00	5.70E-03
2.00E+00	3.32E-03
2.51E+00	1.93E-03
3.16E+00	1.06E-03
3.98E+00	5.16E-04
5.01E+00	2.53E-04
6.31E+00	1.18E-04
7.94E+00	5.12E-05
1.00E+01	2.21E-05
1.26E+01	9.01E-06
1.58E+01	3.19E-06
2.00E+01	1.13E-06
3.30E+01	0.00E+00
5.90E+01	0.00E+00
8.23E+01	0.00E+00
1.60E+02	0.00E+00
2.23E+02	0.00E+00
4.35E+02	0.00E+00
