Ra-Be Source
2.50E-07	0.00E+00
5.00E-07	0.00E+00
1.00E-06	0.00E+00
2.15E-06	0.00E+00
4.65E-06	0.00E+00
1.00E-05	0.00E+00
2.15E-05	0.00E+00
4.65E-05	0.00E+00
1.00E-04	0.00E+00
2.15E-04	0.00E+00
4.65E-04	0.00E+00
1.00E-03	0.00E+00
2.15E-03	0.00E+00
4.65E-03	0.00E+00
1.00E-02	0.00E+00
1.26E-02	0.00E+00
1.58E-02	0.00E+00
2.00E-02	0.00E+00
2.51E-02	0.00E+00
3.16E-02	0.00E+00
3.98E-02	0.00E+00
5.01E-02	0.00E+00
6.31E-02	0.00E+00
7.94E-02	0.00E+00
1.00E-01	0.00E+00
1.26E-01	0.00E+00
1.58E-01	0.00E+00
2.00E-01	0.00E+00
2.51E-01	0.00E+00
3.16E-01	0.00E+00
3.98E-01	3.47E-03
5.01E-01	2.66E-03
6.31E-01	1.65E-03
7.94E-01	2.03E-03
1.00E+00	1.06E-02
1.26E+00	2.75E-02
1.58E+00	5.19E-02
2.00E+00	6.55E-02
2.51E+00	7.31E-02
3.16E+00	9.95E-02
3.98E+00	1.64E-01
5.01E+00	1.78E-01
6.31E+00	1.21E-01
7.94E+00	1.41E-01
1.00E+01	5.71E-02
1.26E+01	1.39E-03
1.58E+01	0.00E+00
2.00E+01	0.00E+00
3.30E+01	0.00E+00
5.90E+01	0.00E+00
8.23E+01	0.00E+00
1.60E+02	0.00E+00
2.23E+02	0.00E+00
4.35E+02	0.00E+00
