High Altitude Solar Flare
1.88E-07    0.00E+00
2.50E-07	1.39E-03
5.00E-07	2.13E-03
1.00E-06	4.01E-03
2.15E-06	5.51E-03
4.65E-06	4.78E-03
1.00E-05	7.79E-03
2.15E-05	9.50E-03
4.65E-05	8.58E-03
1.00E-04	7.79E-03
2.15E-04	8.10E-03
4.65E-04	9.62E-03
1.00E-03	1.14E-02
2.15E-03	1.29E-02
4.65E-03	1.52E-02
1.00E-02	1.46E-02
1.26E-02	1.53E-02
1.58E-02	1.59E-02
2.00E-02	1.65E-02
2.51E-02	1.71E-02
3.16E-02	1.77E-02
3.98E-02	1.83E-02
5.01E-02	1.90E-02
6.31E-02	1.97E-02
7.94E-02	2.04E-02
1.00E-01	2.11E-02
1.26E-01	2.19E-02
1.58E-01	2.26E-02
2.00E-01	2.34E-02
2.51E-01	2.42E-02
3.16E-01	2.50E-02
3.98E-01	2.59E-02
5.01E-01	2.67E-02
6.31E-01	2.79E-02
7.94E-01	3.30E-02
1.00E+00	3.90E-02
1.26E+00	4.35E-02
1.58E+00	4.57E-02
2.00E+00	4.81E-02
2.51E+00	4.18E-02
3.16E+00	3.45E-02
3.98E+00	2.84E-02
5.01E+00	2.34E-02
6.31E+00	1.93E-02
7.94E+00	1.59E-02
1.00E+01	1.31E-02
1.26E+01	1.19E-02
1.58E+01	1.18E-02
2.00E+01	1.17E-02
3.30E+01	1.16E-02
5.90E+01	1.40E-02
8.23E+01	1.71E-02
1.60E+02	1.75E-02
2.23E+02	1.10E-02
4.35E+02	5.69E-03
