TAPIRO spectrum
2.50E-07	0.00E+00
5.00E-07	0.00E+00
1.00E-06	3.33E-10
2.15E-06	4.05E-10
4.65E-06	4.98E-10
1.00E-05	6.12E-10
2.15E-05	7.52E-10
4.65E-05	2.60E-09
1.00E-04	6.49E-09
2.15E-04	2.49E-09
4.65E-04	1.46E-08
1.00E-03	2.88E-07
2.15E-03	4.78E-06
4.65E-03	2.30E-05
1.00E-02	1.71E-04
1.26E-02	3.50E-04
1.58E-02	5.20E-04
2.00E-02	7.88E-04
2.51E-02	1.17E-03
3.16E-02	1.73E-03
3.98E-02	2.59E-03
5.01E-02	3.94E-03
6.31E-02	5.86E-03
7.94E-02	8.31E-03
1.00E-01	1.17E-02
1.26E-01	1.59E-02
1.58E-01	2.16E-02
2.00E-01	2.81E-02
2.51E-01	3.62E-02
3.16E-01	4.65E-02
3.98E-01	5.45E-02
5.01E-01	6.39E-02
6.31E-01	7.48E-02
7.94E-01	7.67E-02
1.00E+00	7.94E-02
1.26E+00	7.96E-02
1.58E+00	7.74E-02
2.00E+00	7.52E-02
2.51E+00	6.78E-02
3.16E+00	5.86E-02
3.98E+00	4.58E-02
5.01E+00	3.09E-02
6.31E+00	1.91E-02
7.94E+00	8.62E-03
1.00E+01	2.60E-03
1.26E+01	5.25E-04
1.58E+01	8.01E-05
2.00E+01	1.22E-05
3.30E+01	0.00E+00
5.90E+01	0.00E+00
8.23E+01	0.00E+00
1.60E+02	0.00E+00
2.23E+02	0.00E+00
4.35E+02	0.00E+00
