VIPER reactor
2.50E-07	0.00E+00
5.00E-07	0.00E+00
1.00E-06	0.00E+00
2.15E-06	0.00E+00
4.65E-06	0.00E+00
1.00E-05	0.00E+00
2.15E-05	0.00E+00
4.65E-05	0.00E+00
1.00E-04	0.00E+00
2.15E-04	0.00E+00
4.65E-04	0.00E+00
1.00E-03	1.09E-02
2.15E-03	1.94E-02
4.65E-03	1.14E-02
1.00E-02	2.38E-02
1.26E-02	2.49E-02
1.58E-02	3.29E-02
2.00E-02	3.32E-02
2.51E-02	3.54E-02
3.16E-02	4.97E-02
3.98E-02	2.59E-02
5.01E-02	3.19E-02
6.31E-02	4.74E-02
7.94E-02	5.69E-02
1.00E-01	4.32E-02
1.26E-01	5.69E-02
1.58E-01	6.51E-02
2.00E-01	6.60E-02
2.51E-01	5.59E-02
3.16E-01	6.69E-02
3.98E-01	6.27E-02
5.01E-01	4.76E-02
6.31E-01	4.25E-02
7.94E-01	3.47E-02
1.00E+00	2.16E-02
1.26E+00	1.30E-02
1.58E+00	8.08E-03
2.00E+00	4.99E-03
2.51E+00	2.84E-03
3.16E+00	1.65E-03
3.98E+00	1.26E-03
5.01E+00	6.19E-04
6.31E+00	4.65E-04
7.94E+00	2.50E-04
1.00E+01	6.14E-05
1.26E+01	7.61E-08
1.58E+01	4.76E-12
2.00E+01	0.00E+00
3.30E+01	0.00E+00
5.90E+01	0.00E+00
8.23E+01	0.00E+00
1.60E+02	0.00E+00
2.23E+02	0.00E+00
4.35E+02	0.00E+00
