YAYOI spectrum
2.50E-07	0.00E+00
5.00E-07	0.00E+00
1.00E-06	2.89E-11
2.15E-06	6.31E-11
4.65E-06	1.44E-10
1.00E-05	3.27E-10
2.15E-05	7.43E-10
4.65E-05	2.08E-09
1.00E-04	9.39E-09
2.15E-04	3.72E-08
4.65E-04	1.89E-07
1.00E-03	8.02E-07
2.15E-03	7.93E-06
4.65E-03	1.75E-04
1.00E-02	1.14E-04
1.26E-02	3.79E-04
1.58E-02	6.00E-04
2.00E-02	9.18E-04
2.51E-02	1.40E-03
3.16E-02	2.13E-03
3.98E-02	3.15E-03
5.01E-02	4.53E-03
6.31E-02	6.48E-03
7.94E-02	9.22E-03
1.00E-01	1.30E-02
1.26E-01	1.74E-02
1.58E-01	2.33E-02
2.00E-01	3.00E-02
2.51E-01	3.82E-02
3.16E-01	4.87E-02
3.98E-01	5.54E-02
5.01E-01	6.28E-02
6.31E-01	7.13E-02
7.94E-01	7.37E-02
1.00E+00	7.59E-02
1.26E+00	7.79E-02
1.58E+00	7.65E-02
2.00E+00	7.51E-02
2.51E+00	6.83E-02
3.16E+00	5.87E-02
3.98E+00	4.48E-02
5.01E+00	3.06E-02
6.31E+00	1.74E-02
7.94E+00	7.77E-03
1.00E+01	3.09E-03
1.26E+01	7.82E-04
1.58E+01	1.44E-04
2.00E+01	2.65E-05
3.30E+01	0.00E+00
5.90E+01	0.00E+00
8.23E+01	0.00E+00
1.60E+02	0.00E+00
2.23E+02	0.00E+00
4.35E+02	0.00E+00
