Charged Particle Dose D
pGy
2.50E-07	8.29E-01
5.00E-07	8.05E-01
1.00E-06	7.72E-01
2.15E-06	7.39E-01
4.65E-06	7.06E-01
1.00E-05	6.74E-01
2.15E-05	6.43E-01
4.65E-05	6.14E-01
1.00E-04	5.87E-01
2.15E-04	5.60E-01
4.65E-04	5.35E-01
1.00E-03	5.11E-01
2.15E-03	4.88E-01
4.65E-03	4.66E-01
1.00E-02	6.64E-01
1.26E-02	9.65E-01
1.58E-02	1.15E+00
2.00E-02	1.36E+00
2.51E-02	1.62E+00
3.16E-02	1.93E+00
3.98E-02	2.29E+00
5.01E-02	2.72E+00
6.31E-02	3.23E+00
7.94E-02	3.84E+00
1.00E-01	4.57E+00
1.26E-01	5.43E+00
1.58E-01	6.45E+00
2.00E-01	7.67E+00
2.51E-01	9.11E+00
3.16E-01	1.08E+01
3.98E-01	1.29E+01
5.01E-01	1.53E+01
6.31E-01	1.82E+01
7.94E-01	2.16E+01
1.00E+00	2.57E+01
1.26E+00	2.93E+01
1.58E+00	3.21E+01
2.00E+00	3.52E+01
2.51E+00	3.86E+01
3.16E+00	4.24E+01
3.98E+00	4.65E+01
5.01E+00	5.09E+01
6.31E+00	5.59E+01
7.94E+00	6.13E+01
1.00E+01	6.72E+01
1.26E+01	7.36E+01
1.58E+01	8.08E+01
2.00E+01	8.85E+01
3.30E+01	1.03E+02
5.90E+01	1.25E+02
8.23E+01	1.53E+02
1.60E+02	1.87E+02
2.23E+02	2.28E+02
4.35E+02	2.78E+02
