Dose from H(gamma,n)D reaction
pGy
2.50E-07	5.64E+00
5.00E-07	5.48E+00
1.00E-06	5.25E+00
2.15E-06	5.02E+00
4.65E-06	4.80E+00
1.00E-05	4.58E+00
2.15E-05	4.37E+00
4.65E-05	4.17E+00
1.00E-04	3.98E+00
2.15E-04	3.85E+00
4.65E-04	3.79E+00
1.00E-03	3.72E+00
2.15E-03	3.65E+00
4.65E-03	3.59E+00
1.00E-02	3.52E+00
1.26E-02	3.48E+00
1.58E-02	3.46E+00
2.00E-02	3.45E+00
2.51E-02	3.43E+00
3.16E-02	3.41E+00
3.98E-02	3.39E+00
5.01E-02	3.37E+00
6.31E-02	3.35E+00
7.94E-02	3.34E+00
1.00E-01	3.32E+00
1.26E-01	3.30E+00
1.58E-01	3.28E+00
2.00E-01	3.26E+00
2.51E-01	3.25E+00
3.16E-01	3.18E+00
3.98E-01	3.08E+00
5.01E-01	2.89E+00
6.31E-01	2.71E+00
7.94E-01	2.54E+00
1.00E+00	2.38E+00
1.26E+00	2.24E+00
1.58E+00	2.10E+00
2.00E+00	1.97E+00
2.51E+00	1.85E+00
3.16E+00	1.73E+00
3.98E+00	1.63E+00
5.01E+00	1.53E+00
6.31E+00	1.50E+00
7.94E+00	1.73E+00
1.00E+01	2.68E+00
1.26E+01	5.12E+00
1.58E+01	7.33E+00
2.00E+01	8.09E+00
3.30E+01	8.28E+00
5.90E+01	8.30E+00
8.23E+01	8.30E+00
1.60E+02	8.30E+00
2.23E+02	8.30E+00
4.35E+02	8.30E+00
