ICRP-74 Ambient dose equivalent H*(10)/Flux
pSv
1.00E-08	9.00E+00
2.53E-08	1.06E+01
1.00E-07	1.29E+01
2.00E-07	1.35E+01
5.00E-07	1.36E+01
1.00E-06	1.33E+01
2.00E-06	1.29E+01
5.00E-06	1.20E+01
1.00E-05	1.13E+01
2.00E-05	1.06E+01
5.00E-05	9.90E+00
1.00E-04	9.40E+00
2.00E-04	8.90E+00
5.00E-04	8.30E+00
1.00E-03	7.90E+00
2.00E-03	7.70E+00
5.00E-03	8.00E+00
1.00E-02	1.05E+01
2.00E-02	1.66E+01
3.00E-02	2.37E+01
5.00E-02	4.11E+01
7.00E-02	6.00E+01
1.00E-01	8.80E+01
1.50E-01	1.32E+02
2.00E-01	1.70E+02
3.00E-01	2.33E+02
5.00E-01	3.22E+02
7.00E-01	3.75E+02
9.00E-01	4.00E+02
1.00E+00	4.16E+02
1.20E+00	4.25E+02
2.00E+00	4.20E+02
3.00E+00	4.12E+02
4.00E+00	4.08E+02
5.00E+00	4.05E+02
6.00E+00	4.00E+02
7.00E+00	4.05E+02
8.00E+00	4.09E+02
9.00E+00	4.20E+02
1.00E+01	4.40E+02
1.20E+01	4.80E+02
1.40E+01	5.20E+02
1.50E+01	5.40E+02
1.60E+01	5.55E+02
1.80E+01	5.70E+02
2.00E+01	6.00E+02
3.00E+01	5.15E+02
5.00E+01	4.00E+02
7.50E+01	3.30E+02
1.00E+02	2.85E+02
1.25E+02	2.60E+02
1.50E+02	2.45E+02
1.75E+02	2.50E+02
2.01E+02	2.60E+02
