ICRP-74 Personal Dose Equivalent H<sub>p,slab</sub>(10,0&deg;)/Flux
pSv 
1.00E-08	9.97E+00
2.53E-08	1.14E+01
1.00E-07	1.26E+01
2.00E-07	1.35E+01
5.00E-07	1.42E+01
1.00E-06	1.44E+01
2.00E-06	1.43E+01
5.00E-06	1.38E+01
1.00E-05	1.32E+01
2.00E-05	1.24E+01
5.00E-05	1.12E+01
1.00E-04	1.03E+01
2.00E-04	9.84E+00
5.00E-04	9.34E+00
1.00E-03	8.78E+00
2.00E-03	8.72E+00
5.00E-03	9.36E+00
1.00E-02	1.12E+01
2.00E-02	1.71E+01
3.00E-02	2.49E+01
5.00E-02	3.90E+01
7.00E-02	5.90E+01
1.00E-01	9.06E+01
1.50E-01	1.39E+02
2.00E-01	1.80E+02
3.00E-01	2.46E+02
5.00E-01	3.35E+02
7.00E-01	3.86E+02
9.00E-01	4.14E+02
1.00E+00	4.22E+02
1.20E+00	4.33E+02
2.00E+00	4.42E+02
3.00E+00	4.31E+02
4.00E+00	4.22E+02
5.00E+00	4.20E+02
6.00E+00	4.23E+02
7.00E+00	4.32E+02
8.00E+00	4.45E+02
9.00E+00	4.61E+02
1.00E+01	4.80E+02
1.20E+01	5.17E+02
1.40E+01	5.50E+02
1.50E+01	5.64E+02
1.60E+01	5.76E+02
1.80E+01	5.95E+02
2.00E+01	6.00E+02
3.00E+01	0.00E+00
5.00E+01	0.00E+00
7.50E+01	0.00E+00
1.00E+02	0.00E+00
1.25E+02	0.00E+00
1.50E+02	0.00E+00
1.75E+02	0.00E+00
2.01E+02	0.00E+00
