ICRP-74 RLAT Effective Dose E/Flux
pSv  
1.00E-08	1.70E+00
2.50E-08	1.99E+00
1.00E-07	2.58E+00
2.00E-07	2.92E+00
5.00E-07	3.35E+00
1.00E-06	3.67E+00
2.00E-06	3.89E+00
5.00E-06	4.08E+00
1.00E-05	4.16E+00
2.00E-05	4.20E+00
5.00E-05	4.19E+00
1.00E-04	4.15E+00
2.00E-04	4.10E+00
5.00E-04	4.03E+00
1.00E-03	4.00E+00
2.00E-03	4.00E+00
5.00E-03	4.29E+00
1.00E-02	5.02E+00
2.00E-02	6.48E+00
3.00E-02	7.93E+00
5.00E-02	1.06E+01
7.00E-02	1.31E+01
1.00E-01	1.64E+01
1.50E-01	2.12E+01
2.00E-01	2.56E+01
3.00E-01	3.34E+01
5.00E-01	4.68E+01
7.00E-01	5.83E+01
9.00E-01	6.91E+01
1.00E+00	7.45E+01
1.20E+00	8.58E+01
2.00E+00	1.29E+02
3.00E+00	1.71E+02
4.00E+00	1.98E+02
5.00E+00	2.17E+02
6.00E+00	2.32E+02
7.00E+00	2.44E+02
8.00E+00	2.53E+02
9.00E+00	2.61E+02
1.00E+01	2.68E+02
1.20E+01	2.78E+02
1.40E+01	2.86E+02
1.50E+01	2.90E+02
1.60E+01	2.93E+02
1.80E+01	2.99E+02
2.00E+01	3.05E+02
3.00E+01	3.24E+02
5.00E+01	3.58E+02
7.50E+01	3.97E+02
1.00E+02	4.33E+02
1.30E+02	4.67E+02
1.50E+02	5.01E+02
1.80E+02	5.42E+02
