ICRP-74 PA Effective Dose E/Flux
pSv 
1.00E-08	4.39E+00
2.50E-08	5.16E+00
1.00E-07	6.77E+00
2.00E-07	7.63E+00
5.00E-07	8.76E+00
1.00E-06	9.55E+00
2.00E-06	1.02E+01
5.00E-06	1.07E+01
1.00E-05	1.10E+01
2.00E-05	1.11E+01
5.00E-05	1.11E+01
1.00E-04	1.10E+01
2.00E-04	1.09E+01
5.00E-04	1.07E+01
1.00E-03	1.07E+01
2.00E-03	1.08E+01
5.00E-03	1.16E+01
1.00E-02	1.35E+01
2.00E-02	1.73E+01
3.00E-02	2.10E+01
5.00E-02	2.76E+01
7.00E-02	3.35E+01
1.00E-01	4.13E+01
1.50E-01	5.22E+01
2.00E-01	6.15E+01
3.00E-01	7.71E+01
5.00E-01	1.03E+02
7.00E-01	1.24E+02
9.00E-01	1.44E+02
1.00E+00	1.54E+02
1.20E+00	1.75E+02
2.00E+00	2.47E+02
3.00E+00	3.08E+02
4.00E+00	3.45E+02
5.00E+00	3.66E+02
6.00E+00	3.80E+02
7.00E+00	3.91E+02
8.00E+00	3.99E+02
9.00E+00	4.06E+02
1.00E+01	4.12E+02
1.20E+01	4.22E+02
1.40E+01	4.29E+02
1.50E+01	4.31E+02
1.60E+01	4.33E+02
1.80E+01	4.35E+02
2.00E+01	4.36E+02
3.00E+01	4.37E+02
5.00E+01	4.44E+02
7.50E+01	4.59E+02
1.00E+02	4.77E+02
1.30E+02	4.95E+02
1.50E+02	5.14E+02
1.80E+02	5.35E+02
