ICRP-74 ISO Effective Dose E/Flux
pSv 
1.00E-08	2.89E+00
2.50E-08	3.30E+00
1.00E-07	4.13E+00
2.00E-07	4.59E+00
5.00E-07	5.20E+00
1.00E-06	5.63E+00
2.00E-06	5.96E+00
5.00E-06	6.28E+00
1.00E-05	6.44E+00
2.00E-05	6.51E+00
5.00E-05	6.51E+00
1.00E-04	6.45E+00
2.00E-04	6.32E+00
5.00E-04	6.14E+00
1.00E-03	6.04E+00
2.00E-03	6.05E+00
5.00E-03	6.52E+00
1.00E-02	7.70E+00
2.00E-02	1.02E+01
3.00E-02	1.27E+01
5.00E-02	1.73E+01
7.00E-02	2.15E+01
1.00E-01	2.72E+01
1.50E-01	3.52E+01
2.00E-01	4.24E+01
3.00E-01	5.47E+01
5.00E-01	7.50E+01
7.00E-01	9.28E+01
9.00E-01	1.08E+02
1.00E+00	1.16E+02
1.20E+00	1.30E+02
2.00E+00	1.78E+02
3.00E+00	2.20E+02
4.00E+00	2.50E+02
5.00E+00	2.72E+02
6.00E+00	2.82E+02
7.00E+00	2.90E+02
8.00E+00	2.97E+02
9.00E+00	3.03E+02
1.00E+01	3.09E+02
1.20E+01	3.22E+02
1.40E+01	3.33E+02
1.50E+01	3.38E+02
1.60E+01	3.42E+02
1.80E+01	3.45E+02
2.00E+01	3.43E+02
3.00E+01	0.00E+00
5.00E+01	0.00E+00
7.50E+01	0.00E+00
1.00E+02	0.00E+00
1.30E+02	0.00E+00
1.50E+02	0.00E+00
1.80E+02	0.00E+00
