ICRP-74 ROT Effective Dose E/Flux
pSv 
1.00E-08	3.72E+00
2.50E-08	4.40E+00
1.00E-07	5.75E+00
2.00E-07	6.43E+00
5.00E-07	7.27E+00
1.00E-06	7.84E+00
2.00E-06	8.31E+00
5.00E-06	8.72E+00
1.00E-05	8.90E+00
2.00E-05	8.92E+00
5.00E-05	8.82E+00
1.00E-04	8.69E+00
2.00E-04	8.56E+00
5.00E-04	8.40E+00
1.00E-03	8.34E+00
2.00E-03	8.39E+00
5.00E-03	9.06E+00
1.00E-02	1.06E+01
2.00E-02	1.38E+01
3.00E-02	1.69E+01
5.00E-02	2.27E+01
7.00E-02	2.78E+01
1.00E-01	3.48E+01
1.50E-01	4.54E+01
2.00E-01	5.48E+01
3.00E-01	7.16E+01
5.00E-01	9.94E+01
7.00E-01	1.23E+02
9.00E-01	1.44E+02
1.00E+00	1.54E+02
1.20E+00	1.73E+02
2.00E+00	2.34E+02
3.00E+00	2.83E+02
4.00E+00	3.15E+02
5.00E+00	3.35E+02
6.00E+00	3.48E+02
7.00E+00	3.58E+02
8.00E+00	3.66E+02
9.00E+00	3.73E+02
1.00E+01	3.78E+02
1.20E+01	3.85E+02
1.40E+01	3.90E+02
1.50E+01	3.91E+02
1.60E+01	3.93E+02
1.80E+01	3.94E+02
2.00E+01	3.95E+02
3.00E+01	3.95E+02
5.00E+01	4.04E+02
7.50E+01	4.22E+02
1.00E+02	4.43E+02
1.30E+02	4.65E+02
1.50E+02	4.89E+02
1.80E+02	5.17E+02
