ICRP-74 LLAT Effective Dose E/Flux
pSv 
1.00E-08	2.04E+00
2.50E-08	2.31E+00
1.00E-07	2.86E+00
2.00E-07	3.21E+00
5.00E-07	3.72E+00
1.00E-06	4.12E+00
2.00E-06	4.39E+00
5.00E-06	4.66E+00
1.00E-05	4.80E+00
2.00E-05	4.89E+00
5.00E-05	4.95E+00
1.00E-04	4.95E+00
2.00E-04	4.92E+00
5.00E-04	4.86E+00
1.00E-03	4.84E+00
2.00E-03	4.87E+00
5.00E-03	5.25E+00
1.00E-02	6.14E+00
2.00E-02	7.95E+00
3.00E-02	9.74E+00
5.00E-02	1.31E+01
7.00E-02	1.61E+01
1.00E-01	2.01E+01
1.50E-01	2.55E+01
2.00E-01	3.03E+01
3.00E-01	3.86E+01
5.00E-01	5.32E+01
7.00E-01	6.66E+01
9.00E-01	7.96E+01
1.00E+00	8.60E+01
1.20E+00	9.98E+01
2.00E+00	1.53E+02
3.00E+00	1.95E+02
4.00E+00	2.24E+02
5.00E+00	2.44E+02
6.00E+00	2.61E+02
7.00E+00	2.74E+02
8.00E+00	2.85E+02
9.00E+00	2.94E+02
1.00E+01	3.02E+02
1.20E+01	3.15E+02
1.40E+01	3.24E+02
1.50E+01	3.28E+02
1.60E+01	3.31E+02
1.80E+01	3.35E+02
2.00E+01	3.38E+02
3.00E+01	0.00E+00
5.00E+01	0.00E+00
7.50E+01	0.00E+00
1.00E+02	0.00E+00
1.30E+02	0.00E+00
1.50E+02	0.00E+00
1.80E+02	0.00E+00
