ICRP-74 AP Effective Dose E/Flux
pSv 
1.00E-09	5.24E+00
1.00E-08	6.55E+00
2.50E-08	7.60E+00
1.00E-07	9.95E+00
2.00E-07	1.12E+01
5.00E-07	1.28E+01
1.00E-06	1.38E+01
2.00E-06	1.45E+01
5.00E-06	1.50E+01
1.00E-05	1.51E+01
2.00E-05	1.51E+01
5.00E-05	1.48E+01
1.00E-04	1.46E+01
2.00E-04	1.44E+01
5.00E-04	1.42E+01
1.00E-03	1.42E+01
2.00E-03	1.44E+01
5.00E-03	1.57E+01
1.00E-02	1.83E+01
2.00E-02	2.38E+01
3.00E-02	2.90E+01
5.00E-02	3.85E+01
7.00E-02	4.72E+01
1.00E-01	5.98E+01
1.50E-01	8.02E+01
2.00E-01	9.90E+01
3.00E-01	1.33E+02
5.00E-01	1.88E+02
7.00E-01	2.31E+02
9.00E-01	2.67E+02
1.00E+00	2.82E+02
1.20E+00	3.10E+02
2.00E+00	3.83E+02
3.00E+00	4.32E+02
4.00E+00	4.58E+02
5.00E+00	4.74E+02
6.00E+00	4.83E+02
7.00E+00	4.90E+02
8.00E+00	4.94E+02
9.00E+00	4.97E+02
1.00E+01	4.99E+02
1.20E+01	4.99E+02
1.40E+01	4.96E+02
1.50E+01	4.94E+02
1.60E+01	4.91E+02
1.80E+01	4.86E+02
2.00E+01	4.80E+02
3.00E+01	4.58E+02
5.00E+01	4.37E+02
7.50E+01	4.29E+02
1.00E+02	4.29E+02
1.30E+02	4.32E+02
1.50E+02	4.38E+02
1.80E+02	4.45E+02
