ICRU-25 Dose Equivalent Index H<sub>i</sub>
pSv
2.50E-07	1.08E+01
5.00E-07	1.11E+01
1.00E-06	1.16E+01
2.15E-06	1.18E+01
4.65E-06	1.17E+01
1.00E-05	1.16E+01
2.15E-05	1.15E+01
4.65E-05	1.13E+01
1.00E-04	1.11E+01
2.15E-04	1.07E+01
4.65E-04	1.02E+01
1.00E-03	9.73E+00
2.15E-03	9.50E+00
4.65E-03	9.50E+00
1.00E-02	9.50E+00
1.26E-02	1.08E+01
1.58E-02	1.38E+01
2.00E-02	1.77E+01
2.51E-02	2.26E+01
3.16E-02	2.90E+01
3.98E-02	3.64E+01
5.01E-02	4.53E+01
6.31E-02	5.64E+01
7.94E-02	6.99E+01
1.00E-01	8.63E+01
1.26E-01	9.74E+01
1.58E-01	1.00E+02
2.00E-01	1.03E+02
2.51E-01	1.06E+02
3.16E-01	1.09E+02
3.98E-01	1.42E+02
5.01E-01	2.02E+02
6.31E-01	2.59E+02
7.94E-01	3.02E+02
1.00E+00	3.52E+02
1.26E+00	3.75E+02
1.58E+00	3.64E+02
2.00E+00	3.54E+02
2.51E+00	3.45E+02
3.16E+00	3.48E+02
3.98E+00	3.64E+02
5.01E+00	3.81E+02
6.31E+00	3.96E+02
7.94E+00	4.07E+02
1.00E+01	4.10E+02
1.26E+01	4.45E+02
1.58E+01	5.25E+02
2.00E+01	6.35E+02
3.30E+01	0.00E+00
5.90E+01	0.00E+00
8.23E+01	0.00E+00
1.60E+02	0.00E+00
2.23E+02	0.00E+00
4.35E+02	0.00E+00
