Tissue Kerma K
pGy 
2.50E-07	9.57E-02
5.00E-07	7.50E-02
1.00E-06	5.30E-02
2.15E-06	3.68E-02
4.65E-06	2.51E-02
1.00E-05	1.71E-02
2.15E-05	1.16E-02
4.65E-05	1.00E-02
1.00E-04	1.00E-02
2.15E-04	1.47E-02
4.65E-04	3.16E-02
1.00E-03	6.82E-02
2.15E-03	1.47E-01
4.65E-03	3.16E-01
1.00E-02	6.82E-01
1.26E-02	1.96E+00
1.58E-02	2.27E+00
2.00E-02	2.62E+00
2.51E-02	3.01E+00
3.16E-02	3.46E+00
3.98E-02	3.96E+00
5.01E-02	4.53E+00
6.31E-02	5.17E+00
7.94E-02	5.89E+00
1.00E-01	6.70E+00
1.26E-01	7.61E+00
1.58E-01	8.62E+00
2.00E-01	9.74E+00
2.51E-01	1.10E+01
3.16E-01	1.24E+01
3.98E-01	1.39E+01
5.01E-01	1.56E+01
6.31E-01	1.75E+01
7.94E-01	1.95E+01
1.00E+00	2.18E+01
1.26E+00	2.43E+01
1.58E+00	2.70E+01
2.00E+00	2.99E+01
2.51E+00	3.31E+01
3.16E+00	3.66E+01
3.98E+00	4.03E+01
5.01E+00	4.43E+01
6.31E+00	4.87E+01
7.94E+00	5.34E+01
1.00E+01	5.84E+01
1.26E+01	6.38E+01
1.58E+01	6.95E+01
2.00E+01	7.56E+01
3.30E+01	8.61E+01
5.90E+01	1.02E+02
8.23E+01	1.20E+02
1.60E+02	1.39E+02
2.23E+02	1.60E+02
4.35E+02	1.83E+02
