7,26
1,95600,0.32
2,128769.33,0.28
3,215226.82,0.22
4,316391.65,0.18
5,276657.1,0.19
6,215398.3,0.22
7,197248.9,0.23
.1000E-07,0
.4140E-06,0
.6826E-06,0
.1445E-05,0
.3059E-05,0
.6476E-05,0
.1371E-04,0
.2902E-04,0
.6144E-04,0
.1301E-03,9.53679870615683e-10
.2754E-03,9.7364857458e-09
.5929E-03,9.7364857458e-09
.1234E-02,9.69465590760693e-09
.2613E-02,4.155717219e-09
.5531E-02,4.155717219e-09
.1171E-01,4.155717219e-09
.2479E-01,6.87374391395466e-09
.5247E-01,9.49206433358535e-09
.1111E+00,1.4496287735949e-08
.2237E+00,1.89084479291879e-08
.4508E+00,1.41961164158528e-08
.9072E+00,6.91060033762702e-09
.1872E+01,6.53529748740745e-10
.3679E+01,0
.7408E+01,0
.1492E+02,0
2,3
1000,1,1
