7
26
cm**2
.1000E-07
.4140E-06,.1685E+00,.1285E+00,.9752E-01,.4754E-01,.1265E-01,.4805E-02,.1733E-02
.6826E-06,.1133E+00,.2628E+00,.2117E+00,.1026E+00,.2690E-01,.1016E-01,.3656E-02
.1445E-05,.9478E-01,.2893E+00,.2529E+00,.1261E+00,.3300E-01,.1244E-01,.4476E-02
.3059E-05,.7413E-01,.2978E+00,.2844E+00,.1476E+00,.3874E-01,.1459E-01,.5251E-02
.6476E-05,.5632E-01,.2908E+00,.3030E+00,.1653E+00,.4365E-01,.1644E-01,.5917E-02
.1371E-04,.4179E-01,.2750E+00,.3124E+00,.1802E+00,.4807E-01,.1811E-01,.6519E-02
.2902E-04,.3029E-01,.2545E+00,.3149E+00,.1931E+00,.5220E-01,.1967E-01,.7085E-02
.6144E-04,.2159E-01,.2321E+00,.3122E+00,.2042E+00,.5615E-01,.2118E-01,.7631E-02
.1301E-03,.1524E-01,.2093E+00,.3056E+00,.2138E+00,.6000E-01,.2266E-01,.8170E-02
.2754E-03,.1081E-01,.1872E+00,.2963E+00,.2221E+00,.6382E-01,.2414E-01,.8711E-02
.5929E-03,.7645E-02,.1663E+00,.2849E+00,.2292E+00,.6763E-01,.2565E-01,.9263E-02
.1234E-02,.5273E-02,.1471E+00,.2722E+00,.2350E+00,.7145E-01,.2719E-01,.9828E-02
.2613E-02,.3658E-02,.1295E+00,.2586E+00,.2399E+00,.7539E-01,.2881E-01,.1042E-01
.5531E-02,.2575E-02,.1136E+00,.2448E+00,.2443E+00,.7961E-01,.3058E-01,.1108E-01
.1171E-01,.1935E-02,.9916E-01,.2309E+00,.2487E+00,.8448E-01,.3267E-01,.1186E-01
.2479E-01,.1450E-02,.8595E-01,.2174E+00,.2544E+00,.9074E-01,.3541E-01,.1289E-01
.5247E-01,.1102E-02,.7345E-01,.2039E+00,.2629E+00,.9996E-01,.3956E-01,.1447E-01
.1111E+00,.8694E-03,.6089E-01,.1893E+00,.2763E+00,.1154E+00,.4684E-01,.1731E-01
.2237E+00,.1175E-02,.4811E-01,.1712E+00,.2933E+00,.1414E+00,.6050E-01,.2297E-01
.4508E+00,.1854E-02,.3526E-01,.1458E+00,.3061E+00,.1834E+00,.8727E-01,.3577E-01
.9072E+00,.4449E-03,.2252E-01,.1117E+00,.2993E+00,.2400E+00,.1315E+00,.6554E-01
.1872E+01,.2703E-03,.1312E-01,.7833E-01,.2767E+00,.3141E+00,.2246E+00,.1371E+00
.3679E+01,.1790E-03,.6327E-02,.4351E-01,.1942E+00,.2972E+00,.2593E+00,.1944E+00
.7408E+01,.1021E-03,.2811E-02,.2179E-01,.1203E+00,.2423E+00,.2527E+00,.2273E+00
.1492E+02,.5006E-04,.1124E-02,.9562E-02,.6260E-01,.1568E+00,.1875E+00,.1934E+00
